-4.525801104036885448e-05
-4.538841717060089964e-05
-4.551931272634833926e-05
-4.565069992975103098e-05
-4.578258101449070669e-05
-4.591495822585576033e-05
-4.604783382080642205e-05
-4.618121006804045407e-05
-4.631508924805883296e-05
-4.644947365323225195e-05
-4.658436558786750118e-05
-4.671976736827473568e-05
-4.685568132283476363e-05
-4.699210979206672097e-05
-4.712905512869629477e-05
-4.726651969772417027e-05
-4.740450587649497940e-05
-4.754301605476649994e-05
-4.768205263477929521e-05
-4.782161803132673318e-05
-4.796171467182541899e-05
-4.810234499638591876e-05
-4.824351145788399173e-05
-4.838521652203215431e-05
-4.852746266745146790e-05
-4.867025238574412615e-05
-4.881358818156592716e-05
-4.895747257269961970e-05
-4.910190809012826308e-05
-4.924689727810904099e-05
-4.939244269424794944e-05
-4.953854690957403754e-05
-4.968521250861480698e-05
-4.983244208947151663e-05
-4.998023826389533421e-05
-5.012860365736341336e-05
-5.027754090915564846e-05
-5.042705267243193748e-05
-5.057714161430945182e-05
-5.072781041594080044e-05
-5.087906177259234991e-05
-5.103089839372270715e-05
-5.118332300306229307e-05
-5.133633833869246217e-05
-5.148994715312603176e-05
-5.164415221338718078e-05
-5.179895630109252787e-05
-5.195436221253240582e-05
-5.211037275875238006e-05
-5.226699076563534987e-05
-5.242421907398416454e-05
-5.258206053960439547e-05
-5.274051803338779265e-05
-5.289959444139598501e-05
-5.305929266494475684e-05
-5.321961562068841230e-05
-5.338056624070518339e-05
-5.354214747258242795e-05
-5.370436227950263399e-05
-5.386721364032971541e-05
-5.403070454969576171e-05
-5.419483801808819431e-05
-5.435961707193743783e-05
-5.452504475370502509e-05
-5.469112412197179018e-05
-5.485785825152715925e-05
-5.502525023345821776e-05
-5.519330317523955695e-05
-5.536202020082355398e-05
-5.553140445073083506e-05
-5.570145908214157207e-05
-5.587218726898685365e-05
-5.604359220204062559e-05
-5.621567708901218003e-05
-5.638844515463884799e-05
-5.656189964077921361e-05
-5.673604380650706708e-05
-5.691088092820515424e-05
-5.708641429966005104e-05
-5.726264723215690927e-05
-5.743958305457510350e-05
-5.761722511348383739e-05
-5.779557677323873257e-05
-5.797464141607832261e-05
-5.815442244222129918e-05
-5.833492326996411059e-05
-5.851614733577904819e-05
-5.869809809441257675e-05
-5.888077901898430854e-05
-5.906419360108639758e-05
-5.924834535088309651e-05
-5.943323779721120789e-05
-5.961887448768045427e-05
-5.980525898877459354e-05
-5.999239488595296127e-05
-6.018028578375234506e-05
-6.036893530588919091e-05
-6.055834709536250755e-05
-6.074852481455675726e-05
-6.093947214534591890e-05
-6.113119278919690053e-05
-6.132369046727433428e-05
-6.151696892054537126e-05
-6.171103190988484245e-05
-6.190588321618085315e-05
-6.210152664044104839e-05
-6.229796600389894603e-05
-6.249520514812071715e-05
-6.269324793511277954e-05
-6.289209824742914728e-05
-6.309175998827962054e-05
-6.329223708163842269e-05
-6.349353347235274243e-05
-6.369565312625237376e-05
-6.389860003025889517e-05
-6.410237819249613622e-05
-6.430699164240027835e-05
-6.451244443083085001e-05
-6.471874063018169477e-05
-6.492588433449253578e-05
-6.513387965956090599e-05
-6.534273074305451225e-05
-6.555244174462355859e-05
-6.576301684601392340e-05
-6.597446025118037724e-05
-6.618677618640024789e-05
-6.639996890038754617e-05
-6.661404266440709178e-05
-6.682900177238915412e-05
-6.704485054104467588e-05
-6.726159330998037465e-05
-6.747923444181449506e-05
-6.769777832229257448e-05
-6.791722936040365589e-05
-6.813759198849709718e-05
-6.835887066239917703e-05
-6.858106986153012104e-05
-6.880419408902150723e-05
-6.902824787183418659e-05
-6.925323576087575640e-05
-6.947916233111913126e-05
-6.970603218172072117e-05
-6.993384993613901610e-05
-7.016262024225378049e-05
-7.039234777248488180e-05
-7.062303722391178316e-05
-7.085469331839310372e-05
-7.108732080268604357e-05
-7.132092444856685213e-05
-7.155550905295045630e-05
-7.179107943801103732e-05
-7.202764045130243139e-05
-7.226519696587842192e-05
-7.250375388041403464e-05
-7.274331611932603314e-05
-7.298388863289384802e-05
-7.322547639738095340e-05
-7.346808441515590446e-05
-7.371171771481367326e-05
-7.395638135129698452e-05
-7.420208040601766492e-05
-7.444881998697822285e-05
-7.469660522889334678e-05
-7.494544129331144437e-05
-7.519533336873595111e-05
-7.544628667074724886e-05
-7.569830644212371701e-05
-7.595139795296367816e-05
-7.620556650080661187e-05
-7.646081741075428718e-05
-7.671715603559246430e-05
-7.697458775591164764e-05
-7.723311798022858418e-05
-7.749275214510688097e-05
-7.775349571527796148e-05
-7.801535418376134422e-05
-7.827833307198568040e-05
-7.854243792990857180e-05
-7.880767433613642932e-05
-7.907404789804464327e-05
-7.934156425189684556e-05
-7.961022906296421264e-05
-7.988004802564433468e-05
-8.015102686357962404e-05
-8.042317132977592695e-05
-8.069648720672007813e-05
-8.097098030649744192e-05
-8.124665647090918220e-05
-8.152352157158827210e-05
-8.180158151011641162e-05
-8.208084221813912926e-05
-8.236130965748108689e-05
-8.264298982026067994e-05
-8.292588872900378378e-05
-8.321001243675766267e-05
-8.349536702720330669e-05
-8.378195861476770085e-05
-8.406979334473526754e-05
-8.435887739335852292e-05
-8.464921696796813696e-05
-8.494081830708196355e-05
-8.523368768051359625e-05
-8.552783138947955518e-05
-8.582325576670635204e-05
-8.611996717653584742e-05
-8.641797201503028292e-05
-8.671727671007587661e-05
-8.701788772148551059e-05
-8.731981154110070016e-05
-8.762305469289204520e-05
-8.792762373305843459e-05
-8.823352525012584423e-05
-8.854076586504370898e-05
-8.884935223128126761e-05
-8.915929103492180709e-05
-8.947058899475574130e-05
-8.978325286237228038e-05
-9.009728942224982603e-05
-9.041270549184479482e-05
-9.072950792167869315e-05
-9.104770359542385054e-05
-9.136729942998735043e-05
-9.168830237559356510e-05
-9.201071941586461697e-05
-9.233455756789895621e-05
-9.265982388234884047e-05
-9.298652544349450793e-05
-9.331466936931841801e-05
-9.364426281157508755e-05
-9.397531295586098116e-05
-9.430782702168075604e-05
-9.464181226251225983e-05
-9.497727596586868256e-05
-9.531422545335868917e-05
-9.565266808074412617e-05
-9.599261123799474678e-05
-9.633406234934181116e-05
-9.667702887332690258e-05
-9.702151830285022868e-05
-9.736753816521493820e-05
-9.771509602216894407e-05
-9.806419946994372435e-05
-9.841485613929027701e-05
-9.876707369551214748e-05
-9.912085983849517647e-05
-9.947622230273377825e-05
-9.983316885735442727e-05
-1.001917073061351737e-04
-1.005518454875226249e-04
-1.009135912746439662e-04
-1.012769525753166785e-04
-1.016419373320536472e-04
-1.020085535220647616e-04
-1.023768091572546923e-04
-1.027467122842160875e-04
-1.031182709842195177e-04
-1.034914933731979436e-04
-1.038663876017282043e-04
-1.042429618550070014e-04
-1.046212243528229135e-04
-1.050011833495231655e-04
-1.053828471339763451e-04
-1.057662240295295907e-04
-1.061513223939608460e-04
-1.065381506194264249e-04
-1.069267171324025191e-04
-1.073170303936221107e-04
-1.077090988980058007e-04
-1.081029311745871068e-04
-1.084985357864320975e-04
-1.088959213305528724e-04
-1.092950964378151883e-04
-1.096960697728399593e-04
-1.100988500338976288e-04
-1.105034459527973499e-04
-1.109098662947680352e-04
-1.113181198583337281e-04
-1.117282154751816274e-04
-1.121401620100227411e-04
-1.125539683604452612e-04
-1.129696434567610135e-04
-1.133871962618437083e-04
-1.138066357709596288e-04
-1.142279710115900250e-04
-1.146512110432457154e-04
-1.150763649572733263e-04
-1.155034418766526136e-04
-1.159324509557856672e-04
-1.163634013802761945e-04
-1.167963023667005907e-04
-1.172311631623693741e-04
-1.176679930450794185e-04
-1.181068013228550324e-04
-1.185475973336814213e-04
-1.189903904452252345e-04
-1.194351900545472791e-04
-1.198820055878030086e-04
-1.203308464999320210e-04
-1.207817222743375420e-04
-1.212346424225536830e-04
-1.216896164839014643e-04
-1.221466540251326684e-04
-1.226057646400617672e-04
-1.230669579491854341e-04
-1.235302435992893181e-04
-1.239956312630425249e-04
-1.244631306385775152e-04
-1.249327514490576174e-04
-1.254045034422306333e-04
-1.258783963899680531e-04
-1.263544400877901475e-04
-1.268326443543757182e-04
-1.273130190310581343e-04
-1.277955739813046705e-04
-1.282803190901811018e-04
-1.287672642637998710e-04
-1.292564194287518589e-04
-1.297477945315222698e-04
-1.302413995378882495e-04
-1.307372444323000489e-04
-1.312353392172445170e-04
-1.317356939125892390e-04
-1.322383185549097897e-04
-1.327432231967973068e-04
-1.332504179061462794e-04
-1.337599127654236870e-04
-1.342717178709171321e-04
-1.347858433319631868e-04
-1.353022992701540005e-04
-1.358210958185234439e-04
-1.363422431207100501e-04
-1.368657513300998180e-04
-1.373916306089433730e-04
-1.379198911274527183e-04
-1.384505430628726159e-04
-1.389835965985279523e-04
-1.395190619228467096e-04
-1.400569492283580545e-04
-1.405972687106639451e-04
-1.411400305673846632e-04
-1.416852449970783256e-04
-1.422329221981314740e-04
-1.427830723676238613e-04
-1.433357057001628256e-04
-1.438908323866894756e-04
-1.444484626132554661e-04
-1.450086065597686307e-04
-1.455712743987088527e-04
-1.461364762938118704e-04
-1.467042223987199880e-04
-1.472745228556019944e-04
-1.478473877937381436e-04
-1.484228273280707939e-04
-1.490008515577220046e-04
-1.495814705644730785e-04
-1.501646944112097618e-04
-1.507505331403299030e-04
-1.513389967721130572e-04
-1.519300953030517363e-04
-1.525238387041434650e-04
-1.531202369191426950e-04
-1.537192998627724672e-04
-1.543210374188927340e-04
-1.549254594386282940e-04
-1.555325757384514351e-04
-1.561423960982215612e-04
-1.567549302591792826e-04
-1.573701879218944281e-04
-1.579881787441668667e-04
-1.586089123388802213e-04
-1.592323982718055458e-04
-1.598586460593565660e-04
-1.604876651662929870e-04
-1.611194650033723555e-04
-1.617540549249494187e-04
-1.623914442265208407e-04
-1.630316421422161417e-04
-1.636746578422310387e-04
-1.643205004302048693e-04
-1.649691789405396307e-04
-1.656207023356585472e-04
-1.662750795032054136e-04
-1.669323192531816779e-04
-1.675924303150191767e-04
-1.682554213345911526e-04
-1.689213008711558069e-04
-1.695900773942341769e-04
-1.702617592804182714e-04
-1.709363548101122308e-04
-1.716138721642010336e-04
-1.722943194206469158e-04
-1.729777045510139599e-04
-1.736640354169147042e-04
-1.743533197663839471e-04
-1.750455652301713177e-04
-1.757407793179568414e-04
-1.764389694144838882e-04
-1.771401427756103463e-04
-1.778443065242752547e-04
-1.785514676463804333e-04
-1.792616329865839961e-04
-1.799748092440039558e-04
-1.806910029678334936e-04
-1.814102205528607100e-04
-1.821324682348964095e-04
-1.828577520861040617e-04
-1.835860780102325650e-04
-1.843174517377490725e-04
-1.850518788208704466e-04
-1.857893646284898158e-04
-1.865299143409981811e-04
-1.872735329449989850e-04
-1.880202252279112240e-04
-1.887699957724627584e-04
-1.895228489510681279e-04
-1.902787889200907372e-04
-1.910378196139872150e-04
-1.917999447393302619e-04
-1.925651677687101218e-04
-1.933334919345097973e-04
-1.941049202225528453e-04
-1.948794553656222326e-04
-1.956570998368462424e-04
-1.964378558429499930e-04
-1.972217253173693720e-04
-1.980087099132254059e-04
-1.987988109961563829e-04
-1.995920296370049635e-04
-2.003883666043575413e-04
-2.011878223569326556e-04
-2.019903970358175082e-04
-2.027960904565469713e-04
-2.036049021010251435e-04
-2.044168311092836240e-04
-2.052318762710771301e-04
-2.060500360173089210e-04
-2.068713084112874941e-04
-2.076956911398083984e-04
-2.085231815040596210e-04
-2.093537764103455879e-04
-2.101874723606297218e-04
-2.110242654428878893e-04
-2.118641513212738195e-04
-2.127071252260900717e-04
-2.135531819435613793e-04
-2.144023158054094770e-04
-2.152545206782218747e-04
-2.161097899526144713e-04
-2.169681165321826668e-04
-2.178294928222360410e-04
-2.186939107183170320e-04
-2.195613615944945344e-04
-2.204318362914328504e-04
-2.213053251042292730e-04
-2.221818177700176429e-04
-2.230613034553332469e-04
-2.239437707432364796e-04
-2.248292076201892820e-04
-2.257176014626788773e-04
-2.266089390235906517e-04
-2.275032064183173824e-04
-2.284003891106081501e-04
-2.293004718981475013e-04
-2.302034388978611748e-04
-2.311092735309476878e-04
-2.320179585076256716e-04
-2.329294758115960616e-04
-2.338438066842132336e-04
-2.347609316083600170e-04
-2.356808302920228185e-04
-2.366034816515622191e-04
-2.375288637946715666e-04
-2.384569540030218526e-04
-2.393877287145866693e-04
-2.403211635056406862e-04
-2.412572330724306699e-04
-2.421959112125085317e-04
-2.431371708057252629e-04
-2.440809837948797699e-04
-2.450273211660157491e-04
-2.459761529283640007e-04
-2.469274480939224027e-04
-2.478811746566684485e-04
-2.488372995714017728e-04
-2.497957887322080480e-04
-2.507566069505398859e-04
-2.517197179329093773e-04
-2.526850842581877723e-04
-2.536526673545046011e-04
-2.546224274757435805e-04
-2.555943236776261440e-04
-2.565683137933816738e-04
-2.575443544089943524e-04
-2.585224008380235423e-04
-2.595024070959936306e-04
-2.604843258743427098e-04
-2.614681085139313453e-04
-2.624537049780998254e-04
-2.634410638252724333e-04
-2.644301321811017990e-04
-2.654208557101478579e-04
-2.664131785870864832e-04
-2.674070434674429659e-04
-2.684023914578425912e-04
-2.693991620857778238e-04
-2.703972932688819097e-04
-2.713967212837072691e-04
-2.723973807340022827e-04
-2.733992045184820813e-04
-2.744021237980892179e-04
-2.754060679627371756e-04
-2.764109645975358978e-04
-2.774167394484920225e-04
-2.784233163876806763e-04
-2.794306173778856846e-04
-2.804385624367018541e-04
-2.814470696000987327e-04
-2.824560548854403706e-04
-2.834654322539581018e-04
-2.844751135726733635e-04
-2.854850085757696873e-04
-2.864950248254072469e-04
-2.875050676719815906e-04
-2.885150402138234667e-04
-2.895248432563367075e-04
-2.905343752705754723e-04
-2.915435323512574877e-04
-2.925522081742140462e-04
-2.935602939532773567e-04
-2.945676783966035689e-04
-2.955742476624339632e-04
-2.965798853142943077e-04
-2.975844722756363389e-04
-2.985878867839202272e-04
-2.995900043441435579e-04
-3.005906976818205128e-04
-3.015898366954115244e-04
-3.025872884082157614e-04
-3.035829169197208632e-04
-3.045765833564283544e-04
-3.055681458221514313e-04
-3.065574593477987295e-04
-3.075443758406516052e-04
-3.085287440331420882e-04
-3.095104094311455995e-04
-3.104892142617967287e-04
-3.114649974208418405e-04
-3.124375944195421158e-04
-3.134068373311412869e-04
-3.143725547369149781e-04
-3.153345716718148261e-04
-3.162927095697327506e-04
-3.172467862083976791e-04
-3.181966156539304787e-04
-3.191420082050789924e-04
-3.200827703371543790e-04
-3.210187046456998167e-04
-3.219496097899129852e-04
-3.228752804358577238e-04
-3.237955071994893705e-04
-3.247100765895327571e-04
-3.256187709502438694e-04
-3.265213684040931745e-04
-3.274176427944108922e-04
-3.283073636280348139e-04
-3.291902960180042551e-04
-3.300662006263464354e-04
-3.309348336070049436e-04
-3.317959465489605402e-04
-3.326492864196007302e-04
-3.334945955083907436e-04
-3.343316113709127657e-04
-3.351600667733291446e-04
-3.359796896373421090e-04
-3.367902029857160239e-04
-3.375913248884380253e-04
-3.383827684095906500e-04
-3.391642415550210829e-04
-3.399354472208877408e-04
-3.406960831431750489e-04
-3.414458418482694342e-04
-3.421844106046900485e-04
-3.429114713760810689e-04
-3.436267007755661900e-04
-3.443297700215812635e-04
-3.450203448952965401e-04
-3.456980856997523849e-04
-3.463626472208347759e-04
-3.470136786902196040e-04
-3.476508237504280247e-04
-3.482737204221304436e-04
-3.488820010738534743e-04
-3.494752923942434988e-04
-3.500532153670469137e-04
-3.506153852489805878e-04
-3.511614115506629143e-04
-3.516908980207899345e-04
-3.522034426337496290e-04
-3.526986375808631360e-04
-3.531760692654672441e-04
-3.536353183020449166e-04
-3.540759595196258367e-04
-3.544975619696867186e-04
-3.548996889387864904e-04
-3.552818979661878868e-04
-3.556437408667131894e-04
-3.559847637591028900e-04
-3.563045071001507118e-04
-3.566025057248962851e-04
-3.568782888931668561e-04
-3.571313803427745887e-04
-3.573612983496779125e-04
-3.575675557954318003e-04
-3.577496602422593902e-04
-3.579071140160895660e-04
-3.580394142979122663e-04
-3.581460532238204208e-04
-3.582265179941125101e-04
-3.582802909918414002e-04
-3.583068499112127187e-04
-3.583056678962363698e-04
-3.582762136900561386e-04
-3.582179517953879228e-04
-3.581303426465103556e-04
-3.580128427932591185e-04
-3.578649050974984152e-04
-3.576859789425348925e-04
-3.574755104559733908e-04
-3.572329427465032294e-04
-3.569577161551287748e-04
-3.566492685213619451e-04
-3.563070354649064994e-04
-3.559304506833690582e-04
-3.555189462665482797e-04
-3.550719530278565990e-04
-3.545889008534364173e-04
-3.540692190695452607e-04
-3.535123368287857826e-04
-3.529176835157640715e-04
-3.522846891727659103e-04
-3.516127849460424712e-04
-3.509014035532996437e-04
-3.501499797729920789e-04
-3.493579509560123500e-04
-3.485247575603757711e-04
-3.476498437094929003e-04
-3.467326577746170958e-04
-3.457726529820491783e-04
-3.447692880456746929e-04
-3.437220278253931127e-04
-3.426303440119957198e-04
-3.414937158390161606e-04
-3.403116308220823297e-04
-3.390835855262540072e-04
-3.378090863618242717e-04
-3.364876504090252005e-04
-3.351188062720480130e-04
-3.337020949627584796e-04
-3.322370708144440818e-04
-3.307233024258843007e-04
-3.291603736359937802e-04
-3.275478845292328716e-04
-3.258854524719155001e-04
-3.241727131794927964e-04
-3.224093218148112996e-04
-3.205949541172720607e-04
-3.187293075627433575e-04
-3.168121025539760824e-04
-3.148430836411892785e-04
-3.128220207723874800e-04
-3.107487105728518203e-04
-3.086229776531468480e-04
-3.064446759448366791e-04
-3.042136900629930306e-04
-3.019299366944087123e-04
-2.995933660102967399e-04
-2.972039631020870752e-04
-2.947617494387469472e-04
-2.922667843438958319e-04
-2.897191664907600574e-04
-2.871190354128396664e-04
-2.844665730279246274e-04
-2.817620051728778768e-04
-2.790056031463777615e-04
-2.761976852565452994e-04
-2.733386183701460269e-04
-2.704288194597695384e-04
-2.674687571451220248e-04
-2.644589532242734619e-04
-2.613999841903972524e-04
-2.582924827292414809e-04
-2.551371391922350562e-04
-2.519347030398277334e-04
-2.486859842492977410e-04
-2.453918546809509267e-04
-2.420532493962633471e-04
-2.386711679211710874e-04
-2.352466754473708495e-04
-2.317809039641105767e-04
-2.282750533126197054e-04
-2.247303921549547205e-04
-2.211482588486850308e-04
-2.175300622185257274e-04
-2.138772822156462911e-04
-2.101914704551121032e-04
-2.064742506215690187e-04
-2.027273187330259603e-04
-1.989524432523165668e-04
-1.951514650355791252e-04
-1.913262971069226324e-04
-1.874789242482402345e-04
-1.836114023930607677e-04
-1.797258578132044390e-04
-1.758244860870385022e-04
-1.719095508381352606e-04
-1.679833822332542381e-04
-1.640483752287671374e-04
-1.601069875548701297e-04
-1.561617374273198758e-04
-1.522152009768355210e-04
-1.482700093868776295e-04
-1.443288457311609570e-04
-1.403944415030274810e-04
-1.364695728297120607e-04
-1.325570563655440392e-04
-1.286597448593086344e-04
-1.247805223922921381e-04
-1.209222992849912315e-04
-1.170880066720955893e-04
-1.132805907471047709e-04
-1.095030066798980339e-04
-1.057582122126553932e-04
-1.020491609418118235e-04
-9.837879529614047933e-05
-9.475003922364782062e-05
-9.116579060272232606e-05
-8.762891339584712538e-05
-8.414222956722556223e-05
-8.070851078882061019e-05
-7.733046996254909445e-05
-7.401075258974351310e-05
-7.075192802236861473e-05
-6.755648063396242739e-05
-6.442680095168597991e-05
-6.136517679432148479e-05
-5.837378446439128477e-05
-5.545468004581743661e-05
-5.260979086163962892e-05
-4.984090714915754005e-05
-4.714967401250004715e-05
-4.453758371487912308e-05
-4.200596837471064167e-05
-3.955599313120978058e-05
-3.718864984601137033e-05
-3.490475140771484114e-05
-3.270492670594665063e-05
-3.058961634052829841e-05
-2.855906912953765417e-05
-2.661333947743928712e-05
-2.475228566093914378e-05
-2.297556908578248847e-05
-2.128265456231135966e-05
-1.967281164119701829e-05
-1.814511704337973188e-05
-1.669845820986399457e-05
-1.533153798766812977e-05
-1.404288045796939743e-05
-1.283083790135462749e-05
-1.169359888320971987e-05
-1.062919742974095108e-05
-9.635523252077837639e-06
-8.710332962515572215e-06
-7.851262213404260604e-06
-7.055838675707626638e-06
-6.321495761049004809e-06
-5.645586978420242460e-06
-5.025400804886948679e-06
-4.458175938892684321e-06
-3.941116795402001297e-06
-3.471409094424869691e-06
-3.046235388702119789e-06
-2.662790372744552081e-06
-2.318295814248977456e-06
-2.010014950331647750e-06
-1.735266195177353679e-06
-1.491436012678517442e-06
-1.275990817453175311e-06
-1.086487780236937380e-06
-9.205844289073393346e-07
-7.760469541165230727e-07
-6.507571483837137231e-07
-5.427179291659637547e-07
-4.500574194372546623e-07
-3.710315831507045580e-07
-3.040254370732686358e-07
-2.475528842617368296e-07
-2.002552372720728341e-07
-1.608985204389959970e-07
-1.283696596335438362e-07
-1.016716842561575506e-07
-7.991807937627328714e-08
-6.232643550819965272e-08
-4.821154925196961756e-08
-3.697812979358899324e-08
-2.811326405820478528e-08
-2.117878729420661620e-08
-1.580369632991791299e-08
-1.167673011238845169e-08
-8.539226949490130781e-09
-6.178350760919996011e-09
-4.420760290366442038e-09
-3.126776356011875803e-09
-2.185083527055597127e-09
-1.507984773746743896e-09
-1.027211234955781233e-09
-6.902747646329354647e-10
-4.573387164146905110e-10
-2.985727276183326686e-10
-1.919501537222966422e-10
-1.214422323231979658e-10
-7.556085235151908289e-11
-4.620170297056062931e-11
-2.774123852533583795e-11
-1.634394008116234932e-11
-9.440386010474672146e-12
-5.341282620673471324e-12
-2.957505644165523857e-12
-1.601071693911375880e-12
-8.465653131336919568e-13
-4.367280374259382305e-13
-2.195708931425182889e-13
-1.074578264918474701e-13
-5.112816638971199255e-14
-2.361955572666180644e-14
-1.057967818528704864e-14
-4.588068310706304178e-15
-1.923432854075225911e-15
-7.782344494686951928e-16
-3.033806587121574461e-16
-1.137433200006156508e-16
-4.093523248404578849e-17
-1.411328822797404076e-17
-4.651526433406253281e-18
-1.462255255528301978e-18
-4.374005608151163601e-19
-1.241858956169308361e-19
-3.337695949483650072e-20
-8.467980242154636456e-21
-2.021977085998789538e-21
-4.529639683354267350e-22
-9.488282165134415463e-23
-1.851849628305967370e-23
-3.354918384713376149e-24
-5.619271825676645007e-25
-8.664760798038130233e-26
-1.224485427680992479e-26
-1.578303901691658413e-27
-1.846102542153507514e-28
-1.948932641112358053e-29
-1.846335609811524665e-30
-1.560029231487601662e-31
-1.167952810968392372e-32
-7.694219205084509366e-34
-4.427178588155786349e-35
-2.207367905084257968e-36
-9.456684915518486334e-38
-3.449871039881220864e-39
-1.061409082591973776e-40
-2.725884833240032674e-42
-5.779576371586102745e-44
-9.998467664331551294e-46
-1.393621362988941268e-47
-1.544067573360251246e-49
-1.340338259832276237e-51
-8.975361078716544961e-54
-4.559855887588203181e-56
-1.726448026089770360e-58
-4.778878763177984927e-61
-9.473555472864988443e-64
-1.315479102597090130e-66
-1.249327175141478014e-69
-7.909193624368988316e-73
-3.246617143701295994e-76
-8.387126578227562403e-80
-1.320376541517590840e-83
-1.223467326525986486e-87
-6.426776004807919970e-92
-1.837704715980055686e-96
-2.737628756729017516e-101
-2.026051120470541128e-106
-7.075287639771114704e-112
-1.102593032818302001e-117
-7.217121328320132611e-124
-1.857950863168035494e-130
-1.751440979188744106e-137
-5.593735654898943153e-145
-5.561918144337650736e-153
-1.570199092350938899e-161
-1.138345469793435876e-170
-1.899277322553663208e-180
-6.470223476557012854e-191
-3.948660585756806307e-202
-3.741254736231673719e-214
-4.704864385160014934e-227
-6.613323729530919258e-241
-8.605228596716819254e-256
-8.426648689481984869e-272
-4.945831044621027311e-289
-1.354314219727342954e-307
-0.000000000000000000e+00
-0.000000000000000000e+00
-0.000000000000000000e+00
-0.000000000000000000e+00
-0.000000000000000000e+00
-0.000000000000000000e+00
-0.000000000000000000e+00
-0.000000000000000000e+00
-0.000000000000000000e+00
-0.000000000000000000e+00
-0.000000000000000000e+00
-0.000000000000000000e+00
-0.000000000000000000e+00
-0.000000000000000000e+00
-0.000000000000000000e+00
-0.000000000000000000e+00
-0.000000000000000000e+00
-0.000000000000000000e+00
-0.000000000000000000e+00
-0.000000000000000000e+00
-0.000000000000000000e+00
-0.000000000000000000e+00
-0.000000000000000000e+00
-0.000000000000000000e+00
-0.000000000000000000e+00
-0.000000000000000000e+00
-0.000000000000000000e+00
-0.000000000000000000e+00
-0.000000000000000000e+00
-0.000000000000000000e+00
-0.000000000000000000e+00
-0.000000000000000000e+00
-0.000000000000000000e+00
-0.000000000000000000e+00
-0.000000000000000000e+00
-0.000000000000000000e+00
-0.000000000000000000e+00
-0.000000000000000000e+00
-0.000000000000000000e+00
-0.000000000000000000e+00
-0.000000000000000000e+00
-0.000000000000000000e+00
-0.000000000000000000e+00
-0.000000000000000000e+00
-0.000000000000000000e+00
-0.000000000000000000e+00
-0.000000000000000000e+00
-0.000000000000000000e+00
-0.000000000000000000e+00
-0.000000000000000000e+00
-0.000000000000000000e+00
-0.000000000000000000e+00
-0.000000000000000000e+00
-0.000000000000000000e+00
-0.000000000000000000e+00
-0.000000000000000000e+00
-0.000000000000000000e+00
-0.000000000000000000e+00
-0.000000000000000000e+00
-0.000000000000000000e+00
-0.000000000000000000e+00
-0.000000000000000000e+00
-0.000000000000000000e+00
-0.000000000000000000e+00
-0.000000000000000000e+00
-0.000000000000000000e+00
-0.000000000000000000e+00
-0.000000000000000000e+00
-0.000000000000000000e+00
-0.000000000000000000e+00
-0.000000000000000000e+00
-0.000000000000000000e+00
-0.000000000000000000e+00
-0.000000000000000000e+00
-0.000000000000000000e+00
-0.000000000000000000e+00
-0.000000000000000000e+00
-0.000000000000000000e+00
-0.000000000000000000e+00
-0.000000000000000000e+00
-0.000000000000000000e+00
-0.000000000000000000e+00
-0.000000000000000000e+00
-0.000000000000000000e+00
-0.000000000000000000e+00
-0.000000000000000000e+00
-0.000000000000000000e+00
-0.000000000000000000e+00
-0.000000000000000000e+00
-0.000000000000000000e+00
-0.000000000000000000e+00
0.000000000000000000e+00
0.000000000000000000e+00
0.000000000000000000e+00
0.000000000000000000e+00
0.000000000000000000e+00
0.000000000000000000e+00
0.000000000000000000e+00
0.000000000000000000e+00
0.000000000000000000e+00
0.000000000000000000e+00
0.000000000000000000e+00
0.000000000000000000e+00
0.000000000000000000e+00
0.000000000000000000e+00
0.000000000000000000e+00
0.000000000000000000e+00
0.000000000000000000e+00
0.000000000000000000e+00
0.000000000000000000e+00
0.000000000000000000e+00
0.000000000000000000e+00
0.000000000000000000e+00
0.000000000000000000e+00
0.000000000000000000e+00
0.000000000000000000e+00
0.000000000000000000e+00
0.000000000000000000e+00
0.000000000000000000e+00
0.000000000000000000e+00
0.000000000000000000e+00
0.000000000000000000e+00
0.000000000000000000e+00
0.000000000000000000e+00
0.000000000000000000e+00
0.000000000000000000e+00
0.000000000000000000e+00
0.000000000000000000e+00
0.000000000000000000e+00
0.000000000000000000e+00
0.000000000000000000e+00
0.000000000000000000e+00
0.000000000000000000e+00
0.000000000000000000e+00
0.000000000000000000e+00
0.000000000000000000e+00
0.000000000000000000e+00
0.000000000000000000e+00
0.000000000000000000e+00
0.000000000000000000e+00
0.000000000000000000e+00
0.000000000000000000e+00
0.000000000000000000e+00
0.000000000000000000e+00
0.000000000000000000e+00
0.000000000000000000e+00
0.000000000000000000e+00
0.000000000000000000e+00
0.000000000000000000e+00
0.000000000000000000e+00
0.000000000000000000e+00
0.000000000000000000e+00
0.000000000000000000e+00
0.000000000000000000e+00
0.000000000000000000e+00
0.000000000000000000e+00
0.000000000000000000e+00
0.000000000000000000e+00
0.000000000000000000e+00
0.000000000000000000e+00
0.000000000000000000e+00
0.000000000000000000e+00
0.000000000000000000e+00
0.000000000000000000e+00
0.000000000000000000e+00
0.000000000000000000e+00
0.000000000000000000e+00
0.000000000000000000e+00
0.000000000000000000e+00
0.000000000000000000e+00
0.000000000000000000e+00
0.000000000000000000e+00
0.000000000000000000e+00
0.000000000000000000e+00
0.000000000000000000e+00
0.000000000000000000e+00
0.000000000000000000e+00
0.000000000000000000e+00
0.000000000000000000e+00
3.577035275890624980e-321
1.503438876965517716e-299
1.398961042337302698e-279
3.997252226781666461e-261
4.713891072410863301e-244
2.999122791780545242e-228
1.312497429692169049e-213
4.925520625708908484e-200
1.936725358962549872e-187
9.573897117416615834e-176
7.023735409856660782e-165
8.895457488846522847e-155
2.232451098977583619e-145
1.259183604753533917e-136
1.790831656702675784e-128
7.134700588784100019e-121
8.767596926964511341e-114
3.629853534106368026e-107
5.489535925015519537e-101
3.266326764844188193e-95
8.185921407560319987e-90
9.199601440249268320e-85
4.911222707140284815e-80
1.313299051506988083e-75
1.847173714499378199e-71
1.429481734652250280e-67
6.344763125410341757e-64
1.678298030029174452e-60
2.741066668271617684e-57
2.856159417227415415e-54
1.957065674817622814e-51
9.068940449670399504e-49
2.916784892139206023e-46
6.669463030275604286e-44
1.108658558375972388e-41
1.367753229251932419e-39
1.276613020995698538e-37
9.176935932257615324e-36
5.165607432961133369e-34
2.312193285182492679e-32
8.348989068476212096e-31
2.464611169292851932e-29
6.022375072384007085e-28
1.232322646473217262e-26
2.134570027881092826e-25
3.161569958229321661e-24
4.041911606795928224e-23
4.499633612928999366e-22
4.397821901439641875e-21
3.802763285710321453e-20
2.930063357719162725e-19
2.025279320676413580e-18
1.263719225783354478e-17
7.160247899054203575e-17
3.704332595470542525e-16
1.758890284328647242e-15
7.702237382586461105e-15
3.124759424287696016e-14
1.179474289938255233e-13
4.158818228933612499e-13
1.374968091075581350e-12
4.277494904964477305e-12
1.256323317443177800e-11
3.494484609978191538e-11
9.232279263623572002e-11
2.323153399173102215e-10
5.582370876677251688e-10
1.284086147528161685e-09
2.834036792334292767e-09
6.014452232792976016e-09
1.229858830550849772e-08
2.427848772672272055e-08
4.635389373296732986e-08
8.574236428683580742e-08
1.539054114876216305e-07
2.684891758261411070e-07
4.558715320033241448e-07
7.543877550210283107e-07
1.218272203489969081e-06
1.922303821930008286e-06
2.967080586034705082e-06
4.484776399623936614e-06
6.645159356564340652e-06
9.661579959434439597e-06
1.379657956733281901e-05
1.936673028222139065e-05
2.674630352851201123e-05
3.636937941627058822e-05
4.873005361981012597e-05
6.438047113722308336e-05
8.392651246314523840e-05
1.080210707856869921e-04
1.373549807337842363e-04
1.726457812499330709e-04
2.146246088495538462e-04
2.640216153170275534e-04
3.215503797926452865e-04
3.878918351752916262e-04
4.636782508531826015e-04
5.494778080939509510e-04
6.457802729330674096e-04
7.529842175563354134e-04
8.713861695193379471e-04
1.001171983854250375e-03
1.142410641558567292e-03
1.295050584328151250e-03
1.458918604391188593e-03
1.633721223904009354e-03
1.819048423713630997e-03
2.014379518598699310e-03
2.219090926688009266e-03
2.432465545116615883e-03
2.653703421879563280e-03
2.881933404453361144e-03
3.116225447802339291e-03
3.355603276279366977e-03
3.599057113907110864e-03
3.845556223756475128e-03
4.094061027836131371e-03
4.343534612386244602e-03
4.592953458217040145e-03
4.841317270437479198e-03
5.087657815483496472e-03
5.331046704917330979e-03
5.570602094374993082e-03
5.805494291842456037e-03
6.034950291880350481e-03
6.258257271376916307e-03
6.474765097921643398e-03
6.683887914076115482e-03
6.885104869886938053e-03
7.077960082202770960e-03
7.262061903020346210e-03
7.437081580522414762e-03
7.602751396002126530e-03
7.758862357821462614e-03
7.905261530224982208e-03
8.041849070515675116e-03
8.168575043049195253e-03
8.285436072951048170e-03
8.392471896608041590e-03
8.489761860001134725e-03
8.577421409978514683e-03
8.655598617729343830e-03
8.724470768105143520e-03
8.784241043117582345e-03
8.835135322969169674e-03
8.877399123383198851e-03
8.911294683809720812e-03
8.937098217304668274e-03
8.955097329506743475e-03
8.965588611162736768e-03
8.968875406059612435e-03
8.965265753991423156e-03
8.955070506497103677e-03
8.938601611525494317e-03
8.916170561890309626e-03
8.888087001342536569e-03
8.854657481284408313e-03
8.816184360551379898e-03
8.772964840271672837e-03
8.725290125553104500e-03
8.673444705622411835e-03
8.617705744032873316e-03
8.558342570642467340e-03
8.495616267232030880e-03
8.429779338863421789e-03
8.361075463360611096e-03
8.289739311617982248e-03
8.215996431791766988e-03
8.140063190800919668e-03
8.062146766947777057e-03
7.982445187858259669e-03
7.901147408330916680e-03
7.818433423070651062e-03
7.734474409660105181e-03
7.649432897489452828e-03
7.563462958719093659e-03
7.476710417688671104e-03
7.389313075509162075e-03
7.301400946880160642e-03
7.213096506462826976e-03
7.124514942409594133e-03
7.035764414903839491e-03
6.946946317798489631e-03
6.858155541659833633e-03
6.769480736724527332e-03
6.681004574462569463e-03
6.592804006609605944e-03
6.504950520686688005e-03
6.417510391167394017e-03
6.330544925580979497e-03
6.244110704956011733e-03
6.158259818114675092e-03
6.073040089421648073e-03
5.988495299676156215e-03
5.904665399911440682e-03
5.821586717932251964e-03
5.739292157481156592e-03
5.657811389975725760e-03
5.577171038805063021e-03
5.497394856213714577e-03
5.418503892835342846e-03
5.340516659968669137e-03
5.263449284712858230e-03
5.187315658101375980e-03
5.112127576390432075e-03
5.037894875673573809e-03
4.964625560004853541e-03
4.892325923222779795e-03
4.821000664674021316e-03
4.750652999040655931e-03
4.681284760478418919e-03
4.612896501274676292e-03
4.545487585235476365e-03
4.479056276010262745e-03
4.413599820560840450e-03
4.349114527978972453e-03
4.285595843853296817e-03
4.223038420382432996e-03
4.161436182426894032e-03
4.100782389687127050e-03
4.041069695190468991e-03
3.982290200263788500e-03
3.924435506163382464e-03
3.867496762527622856e-03
3.811464712812393830e-03
3.756329736863165628e-03
3.702081890771775647e-03
3.648710944160321427e-03
3.596206415028329207e-03
3.544557602294283287e-03
3.493753616156365562e-03
3.443783406392168789e-03
3.394635788711624236e-03
3.346299469272022344e-03
3.298763067459294790e-03
3.252015137034330525e-03
3.206044185738679553e-03
3.160838693449235116e-03
3.116387128966963821e-03
3.072677965520733898e-03
3.029699695062869954e-03
2.987440841429338592e-03
2.945889972433473735e-03
2.905035710958779951e-03
2.864866745112610268e-03
2.825371837499370334e-03
2.786539833668672059e-03
2.748359669790742098e-03
2.710820379608733840e-03
2.673911100714592651e-03
2.637621080192632632e-03
2.601939679672543235e-03
2.566856379830943780e-03
2.532360784378741639e-03
2.498442623568995942e-03
2.465091757258302922e-03
2.432298177552505089e-03
2.400052011066031946e-03
2.368343520822120858e-03
2.337163107819771081e-03
2.306501312291655940e-03
2.276348814675685506e-03
2.246696436321685662e-03
2.217535139953214027e-03
2.188856029903338361e-03
2.160650352142096803e-03
2.132909494112112444e-03
2.105624984387995981e-03
2.078788492173997120e-03
2.052391826653541824e-03
2.026426936203461118e-03
2.000885907484686779e-03
1.975760964420740767e-03
1.951044467074294258e-03
1.926728910431616112e-03
1.902806923103906840e-03
1.879271265954085427e-03
1.856114830656858039e-03
1.833330638199447919e-03
1.810911837329893474e-03
1.788851702959171931e-03
1.767143634523225945e-03
1.745781154310295513e-03
1.724757905758727509e-03
1.704067651730003380e-03
1.683704272761337665e-03
1.663661765302001981e-03
1.643934239937068151e-03
1.624515919602100619e-03
1.605401137791999389e-03
1.586584336766909322e-03
1.568060065758003453e-03
1.549822979175583676e-03
1.531867834821837001e-03
1.514189492110292606e-03
1.496782910293992632e-03
1.479643146704059812e-03
1.462765355000308215e-03
1.446144783435328448e-03
1.429776773133351183e-03
1.413656756385105488e-03
1.397780254959735775e-03
1.382142878434704366e-03
1.366740322544580640e-03
1.351568367549406315e-03
1.336622876623391916e-03
1.321899794264453981e-03
1.307395144725131226e-03
1.293105030465330251e-03
1.279025630627212383e-03
1.265153199532608299e-03
1.251484065203138218e-03
1.238014627903291599e-03
1.224741358706547866e-03
1.211660798084722261e-03
1.198769554520530542e-03
1.186064303143428457e-03
1.173541784388721677e-03
1.161198802679852928e-03
1.149032225133865678e-03
1.137038980289888264e-03
1.125216056860528068e-03
1.113560502506045222e-03
1.102069422631105251e-03
1.090739979203958878e-03
1.079569389597818257e-03
1.068554925454231683e-03
1.057693911568213449e-03
1.046983724794879091e-03
1.036421792977352879e-03
1.026005593895662222e-03
1.015732654236365913e-03
1.005600548582609400e-03
9.956068984243564030e-04
9.857493711884759632e-04
9.760256792884056294e-04
9.664335791930993465e-04
9.569708705149192847e-04
9.476353951162222412e-04
9.384250362342964891e-04
9.293377176243473392e-04
9.203714027202504998e-04
9.115240938127179386e-04
9.027938312446214626e-04
8.941786926231302121e-04
8.856767920483785530e-04
8.772862793583552582e-04
8.690053393896959855e-04
8.608321912541195978e-04
8.527650876301633371e-04
8.448023140699730113e-04
8.369421883208040709e-04
8.291830596609913633e-04
8.215233082500766155e-04
8.139613444928215117e-04
8.064956084168319527e-04
7.991245690634971857e-04
7.918467238920079898e-04
7.846605981961576057e-04
7.775647445336794032e-04
7.705577421678583673e-04
7.636381965211470890e-04
7.568047386405621531e-04
7.500560246745943205e-04
7.433907353613930036e-04
7.368075755279973518e-04
7.303052736003530889e-04
7.238825811239213556e-04
7.175382722946222749e-04
7.112711434999117966e-04
7.050800128697509109e-04
6.989637198372794470e-04
6.929211247089694849e-04
6.869511082440483713e-04
6.810525712430083242e-04
6.752244341449727778e-04
6.694656366337643164e-04
6.637751372524510699e-04
6.581519130262027594e-04
6.525949590932722966e-04
6.471032883439070205e-04
6.416759310670452649e-04
6.363119346045974624e-04
6.310103630131582613e-04
6.257702967329842065e-04
6.205908322640680663e-04
6.154710818491641953e-04
6.104101731635980764e-04
6.054072490117234310e-04
6.004614670298576541e-04
5.955719993955767462e-04
5.907380325432080859e-04
5.859587668853923504e-04
5.812334165405787321e-04
5.765612090663134806e-04
5.719413851982051112e-04
5.673731985944299944e-04
5.628559155856523426e-04
5.583888149302550534e-04
5.539711875747351487e-04
5.496023364191743657e-04
5.452815760876557685e-04
5.410082327035262021e-04
5.367816436693829399e-04
5.326011574516943204e-04
5.284661333699422654e-04
5.243759413901844402e-04
5.203299619229482349e-04
5.163275856253405575e-04
5.123682132073020985e-04
5.084512552418988390e-04
5.045761319795613554e-04
5.007422731661981957e-04
4.969491178650736057e-04
4.931961142823889982e-04
4.894827195964719961e-04
4.858083997904976445e-04
4.821726294886670883e-04
4.785748917957536740e-04
4.750146781399598251e-04
4.714914881189996901e-04
4.680048293493421861e-04
4.645542173185351269e-04
4.611391752405575293e-04
4.577592339141193763e-04
4.544139315838528390e-04
4.511028138043296888e-04
4.478254333068345345e-04
4.445813498688475345e-04
4.413701301861673045e-04
4.381913477476168822e-04
4.350445827122842316e-04
4.319294217892259463e-04
4.288454581195989151e-04
4.257922911611555479e-04
4.227695265750526900e-04
4.197767761149280900e-04
4.168136575181871227e-04
4.138797943994624706e-04
4.109748161461907628e-04
4.080983578162666013e-04
4.052500600377205203e-04
4.024295689103899809e-04
3.996365359095280516e-04
3.968706177913156768e-04
3.941314765002358459e-04
3.914187790782616325e-04
3.887321975758341428e-04
3.860714089645770849e-04
3.834360950517215591e-04
3.808259423961981877e-04
3.782406422263627586e-04
3.756798903593224761e-04
3.731433871218270415e-04
3.706308372726909513e-04
3.681419499267173621e-04
3.656764384800860078e-04
3.632340205371808279e-04
3.608144178388232657e-04
3.584173561918835315e-04
3.560425654002357895e-04
3.536897791970374807e-04
3.513587351782982500e-04
3.490491747377132701e-04
3.467608430027371630e-04
3.444934887718668079e-04
3.422468644531154159e-04
3.400207260036458871e-04
3.378148328705442619e-04
3.356289479327095740e-04
3.334628374438299665e-04
3.313162709764341188e-04
3.291890213669862735e-04
3.270808646620066459e-04
3.249915800651996555e-04
3.229209498855608652e-04
3.208687594864512464e-04
3.188347972356132365e-04
3.168188544561147645e-04
3.148207253781934358e-04
3.128402070919929071e-04
3.108770995011659178e-04
3.089312052773298843e-04
3.070023298153579799e-04
3.050902811894835843e-04
3.031948701102100767e-04
3.013159098820034792e-04
2.994532163617534179e-04
2.976066079179910760e-04
2.957759053908396319e-04
2.939609320526930664e-04
2.921615135696038735e-04
2.903774779633624937e-04
2.886086555742626669e-04
2.868548790245292876e-04
2.851159831824040449e-04
2.833918051268721522e-04
2.816821841130171542e-04
2.799869615379910735e-04
2.783059809075897587e-04
2.766390878034211283e-04
2.749861298506527585e-04
2.733469566863302481e-04
2.717214199282499921e-04
2.701093731443846252e-04
2.685106718228403222e-04
2.669251733423417248e-04
2.653527369432351715e-04
2.637932236989919610e-04
2.622464964882131682e-04
2.607124199671183935e-04
2.591908605425126996e-04
2.576816863452180200e-04
2.561847672039688239e-04
2.546999746197534413e-04
2.532271817405979059e-04
2.517662633367854304e-04
2.503170957764949255e-04
2.488795570018619788e-04
2.474535265054446744e-04
2.460388853070920854e-04
2.446355159312058980e-04
2.432433023843866835e-04
2.418621301334598851e-04
2.404918860838732521e-04
2.391324585584576174e-04
2.377837372765473866e-04
2.364456133334489740e-04
2.351179791802556960e-04
2.338007286039998510e-04
2.324937567081366467e-04
2.311969598933530086e-04
2.299102358386954687e-04
2.286334834830129614e-04
2.273666030067050662e-04
2.261094958137747479e-04
2.248620645141743198e-04
2.236242129064450635e-04
2.223958459606409084e-04
2.211768698015322975e-04
2.199671916920868762e-04
2.187667200172177355e-04
2.175753642677987485e-04
2.163930350249394102e-04
2.152196439445154953e-04
2.140551037419518741e-04
2.128993281772485963e-04
2.117522320402526279e-04
2.106137311361638029e-04
2.094837422712779711e-04
2.083621832389552270e-04
2.072489728058151965e-04
2.061440306981535294e-04
2.050472775885741738e-04
2.039586350828367304e-04
2.028780257069103194e-04
2.018053728942350721e-04
2.007406009731853660e-04
1.996836351547306282e-04
1.986344015202921897e-04
1.975928270097897124e-04
1.965588394098772163e-04
1.955323673423635291e-04
1.945133402528131201e-04
1.935016883993275893e-04
1.924973428414987584e-04
1.915002354295370507e-04
1.905102987935675151e-04
1.895274663330925738e-04
1.885516722066165598e-04
1.875828513214326679e-04
1.866209393235661665e-04
1.856658725878730296e-04
1.847175882082914414e-04
1.837760239882406171e-04
1.828411184311693242e-04
1.819128107312474379e-04
1.809910407642000149e-04
1.800757490782810657e-04
1.791668768853832059e-04
1.782643660522842410e-04
1.773681590920248594e-04
1.764781991554172688e-04
1.755944300226817967e-04
1.747167960952091491e-04
1.738452423874465127e-04
1.729797145189062256e-04
1.721201587062930877e-04
1.712665217557494143e-04
1.704187510552164530e-04
1.695767945669089628e-04
1.687406008199016300e-04
1.679101189028261532e-04
1.670852984566752034e-04
1.662660896677138839e-04
1.654524432604952177e-04
1.646443104909782831e-04
1.638416431397488331e-04
1.630443935053367337e-04
1.622525143976339085e-04
1.614659591314071497e-04
1.606846815199053380e-04
1.599086358685613109e-04
1.591377769687829632e-04
1.583720600918362049e-04
1.576114409828157671e-04
1.568558758547036931e-04
1.561053213825125592e-04
1.553597346975139958e-04
1.546190733815499597e-04
1.538832954614247799e-04
1.531523594033794397e-04
1.524262241076424309e-04
1.517048489030603238e-04
1.509881935418037435e-04
1.502762181941488882e-04
1.495688834433338841e-04
1.488661502804862100e-04
1.481679800996236855e-04
1.474743346927250638e-04
1.467851762448699605e-04
1.461004673294482518e-04
1.454201709034352028e-04
1.447442503027335725e-04
1.440726692375812041e-04
1.434053917880223129e-04
1.427423823994416303e-04
1.420836058781612418e-04
1.414290273870983034e-04
1.407786124414827408e-04
1.401323269046351766e-04
1.394901369838014258e-04
1.388520092260462420e-04
1.382179105142024680e-04
1.375878080628758040e-04
1.369616694145060645e-04
1.363394624354791749e-04
1.357211553122957633e-04
1.351067165477891927e-04
1.344961149573969353e-04
1.338893196654825524e-04
1.332863001017057852e-04
1.326870259974441185e-04
1.320914673822605587e-04
1.314995945804222060e-04
1.309113782074614637e-04
1.303267891667873098e-04
1.297457986463399101e-04
1.291683781152907942e-04
1.285944993207877561e-04
1.280241342847413596e-04
1.274572553006564932e-04
1.268938349305046096e-04
1.263338460016382489e-04
1.257772616037465714e-04
1.252240550858502209e-04
1.246742000533367090e-04
1.241276703650354000e-04
1.235844401303299830e-04
1.230444837063093778e-04
1.225077756949557214e-04
1.219742909403700570e-04
1.214440045260334089e-04
1.209168917721043006e-04
1.203929282327505462e-04
1.198720896935167809e-04
1.193543521687260618e-04
1.188396918989141442e-04
1.183280853482989538e-04
1.178195092022799690e-04
1.173139403649728677e-04
1.168113559567735682e-04
1.163117333119550279e-04
1.158150499762947242e-04
1.153212837047309209e-04
1.148304124590517593e-04
1.143424144056111422e-04
1.138572679130760872e-04
1.133749515502001820e-04
1.128954440836279935e-04
1.124187244757252405e-04
1.119447718824377928e-04
1.114735656511770700e-04
1.110050853187322345e-04
1.105393106092085942e-04
1.100762214319925822e-04
1.096157978797411992e-04
1.091580202263979906e-04
1.087028689252323078e-04
1.082503246069045226e-04
1.078003680775545243e-04
1.073529803169142861e-04
1.069081424764439596e-04
1.064658358774907499e-04
1.060260420094711421e-04
1.055887425280752328e-04
1.051539192534935033e-04
1.047215541686650201e-04
1.042916294175477259e-04
1.038641273034097236e-04
1.034390302871413897e-04
1.030163209855887804e-04
1.025959821699062939e-04
1.021779967639308419e-04
1.017623478425745199e-04
1.013490186302377959e-04
1.009379924992417812e-04
1.005292529682788512e-04
1.001227837008829448e-04
9.971856850391784739e-05
9.931659132608377041e-05
9.891683625644225356e-05
9.851928752295823811e-05
9.812392949106007024e-05
9.773074666221672965e-05
9.733972367253222919e-05
9.695084529135622334e-05
9.656409641991188259e-05
9.617946208993977337e-05
9.579692746235800099e-05
9.541647782593820908e-05
9.503809859599713728e-05
9.466177531310402185e-05
9.428749364180302609e-05
9.391523936935049709e-05
9.354499840446799780e-05
9.317675677610891857e-05
9.281050063224017274e-05
9.244621623863814950e-05
9.208388997769874774e-05
9.172350834726116582e-05
9.136505795944554196e-05
9.100852553950416069e-05
9.065389792468585956e-05
9.030116206311404245e-05
8.995030501267703936e-05
8.960131393993200509e-05
8.925417611902106943e-05
8.890887893059992860e-05
8.856540986077943351e-05
8.822375650007834534e-05
8.788390654238918286e-05
8.754584778395489817e-05
8.720956812235821059e-05
8.687505555552212132e-05
8.654229818072144630e-05
8.621128419360619402e-05
8.588200188723592082e-05
8.555443965112468436e-05
8.522858597029776058e-05
8.490442942435767130e-05
8.458195868656200251e-05
8.426116252291102114e-05
8.394202979124584926e-05
8.362454944035653157e-05
8.330871050910037580e-05
8.299450212553001016e-05
8.268191350603134779e-05
8.237093395447121411e-05
8.206155286135436604e-05
8.175375970298993033e-05
8.144754404066732853e-05
8.114289551984090279e-05
8.083980386932457045e-05
8.053825890049410880e-05
8.023825050649919751e-05
7.993976866148380959e-05
7.964280341981562819e-05
7.934734491532314778e-05
7.905338336054201808e-05
7.876090904596914010e-05
7.846991233932506984e-05
7.818038368482498719e-05
7.789231360245649531e-05
7.760569268726674416e-05
7.732051160865596436e-05
7.703676110967976954e-05
7.675443200635869573e-05
7.647351518699480163e-05
7.619400161149618358e-05
7.591588231070875458e-05
7.563914838575497594e-05
7.536379100738036787e-05
7.508980141530594270e-05
7.481717091758864754e-05
7.454589088998824441e-05
7.427595277534123773e-05
7.400734808294098170e-05
7.374006838792487568e-05
7.347410533066810548e-05
7.320945061618348317e-05
7.294609601352845633e-05
7.268403335521726716e-05
7.242325453664034865e-05
7.216375151548943992e-05
7.190551631118884091e-05
7.164854100433303669e-05
7.139281773612933622e-05
7.113833870784745000e-05
7.088509618027433970e-05
7.063308247317463785e-05
7.038228996475742359e-05
7.013271109114752511e-05
6.988433834586343560e-05
6.963716427929997268e-05
6.939118149821684660e-05
6.914638266523178225e-05
6.890276049832001076e-05
6.866030777031794882e-05
6.841901730843259722e-05
6.817888199375621132e-05
6.793989476078498299e-05
6.770204859694394330e-05
6.746533654211614764e-05
6.722975168817641465e-05
6.699528717853082483e-05
6.676193620765964807e-05
6.652969202066630198e-05
6.629854791282984740e-05
6.606849722916274239e-05
6.583953336397290585e-05
6.561164976043005017e-05
6.538483991013677090e-05
6.515909735270372920e-05
6.493441567532945576e-05
6.471078851238390873e-05
6.448820954499691056e-05
6.426667250065018987e-05
6.404617115277377361e-05
6.382669932034672959e-05
6.360825086750116169e-05
6.339081970313105679e-05
6.317439978050446564e-05
6.295898509688002058e-05
6.274456969312686844e-05
6.253114765334864215e-05
6.231871310451111859e-05
6.210726021607377960e-05
6.189678319962469333e-05
6.168727630851943426e-05
6.147873383752318810e-05
6.127115012245675971e-05
6.106451953984565759e-05
6.085883650657349472e-05
6.065409547953759853e-05
6.045029095530908645e-05
6.024741746979565864e-05
6.004546959790814489e-05
5.984444195322992458e-05
5.964432918768986354e-05
5.944512599123834089e-05
5.924682709152646074e-05
5.904942725358851643e-05
5.885292127952740257e-05
5.865730400820306947e-05
5.846257031492420997e-05
5.826871511114283290e-05
5.807573334415160803e-05
5.788361999678466016e-05
5.769237008712060617e-05
5.750197866818901403e-05
5.731244082767930804e-05
5.712375168765286581e-05
5.693590640425750030e-05
5.674890016744485579e-05
5.656272820069068374e-05
5.637738576071738862e-05
5.619286813721990101e-05
5.600917065259328529e-05
5.582628866166366782e-05
5.564421755142160450e-05
5.546295274075751510e-05
5.528248968020053287e-05
5.510282385165872964e-05
5.492395076816276986e-05
5.474586597361142114e-05
5.456856504251978227e-05
5.439204357976970658e-05
5.421629722036257003e-05
5.404132162917455319e-05
5.386711250071405776e-05
5.369366555888161006e-05
5.352097655673160076e-05
5.334904127623683688e-05
5.317785552805473357e-05
5.300741515129622316e-05
5.283771601329633806e-05
5.266875400938730747e-05
5.250052506267349745e-05
5.233302512380872925e-05
5.216625017077525120e-05
5.200019620866542781e-05
5.183485926946459441e-05
5.167023541183671714e-05
5.150632072091148954e-05
5.134311130807359076e-05
5.118060331075419345e-05
5.101879289222373888e-05
5.085767624138712436e-05
5.069724957258055762e-05
5.053750912537059996e-05
5.037845116435442908e-05
5.022007197896253465e-05
5.006236788326292491e-05
4.990533521576708838e-05
4.974897033923804266e-05
4.959326964049960289e-05
4.943822953024802879e-05
4.928384644286460672e-05
4.913011683623079998e-05
