-3.579223490713932571e-05
-3.600785064228554234e-05
-3.622520083242723970e-05
-3.644430294232056731e-05
-3.666517464802360470e-05
-3.688783383988230159e-05
-3.711229862556501076e-05
-3.733858733314579634e-05
-3.756671851423823210e-05
-3.779671094717979815e-05
-3.802858364026841411e-05
-3.826235583505163066e-05
-3.849804700966990255e-05
-3.873567688225442390e-05
-3.897526541438099657e-05
-3.921683281458052095e-05
-3.946039954190778970e-05
-3.970598630956883516e-05
-3.995361408860871437e-05
-4.020330411166025318e-05
-4.045507787675538291e-05
-4.070895715119980099e-05
-4.096496397551250770e-05
-4.122312066743111328e-05
-4.148344982598447395e-05
-4.174597433563374788e-05
-4.201071737048305026e-05
-4.227770239856136063e-05
-4.254695318617671948e-05
-4.281849380234438777e-05
-4.309234862328979601e-05
-4.336854233702879029e-05
-4.364709994802530373e-05
-4.392804678192915743e-05
-4.421140849039463435e-05
-4.449721105598198115e-05
-4.478548079714318644e-05
-4.507624437329361424e-05
-4.536952878997125459e-05
-4.566536140408530560e-05
-4.596376992925585556e-05
-4.626478244124632540e-05
-4.656842738349049421e-05
-4.687473357271616098e-05
-4.718373020466714359e-05
-4.749544685992556644e-05
-4.780991350983647642e-05
-4.812716052253688116e-05
-4.844721866909113391e-05
-4.877011912973476575e-05
-4.909589350022915718e-05
-4.942457379832894637e-05
-4.975619247036479651e-05
-5.009078239794331804e-05
-5.042837690476706619e-05
-5.076900976357667398e-05
-5.111271520321773618e-05
-5.145952791583474818e-05
-5.180948306419505436e-05
-5.216261628914508936e-05
-5.251896371720183291e-05
-5.287856196828203976e-05
-5.324144816357229376e-05
-5.360765993354263756e-05
-5.397723542610654917e-05
-5.435021331493090441e-05
-5.472663280789792411e-05
-5.510653365572370051e-05
-5.548995616073505098e-05
-5.587694118580911729e-05
-5.626753016347850906e-05
-5.666176510520575205e-05
-5.705968861083020598e-05
-5.746134387819161243e-05
-5.786677471293323404e-05
-5.827602553848946392e-05
-5.868914140626044641e-05
-5.910616800597879813e-05
-5.952715167627195298e-05
-5.995213941542444077e-05
-6.038117889234413145e-05
-6.081431845773733048e-05
-6.125160715549647953e-05
-6.169309473430570725e-05
-6.213883165946837721e-05
-6.258886912496181010e-05
-6.304325906572389642e-05
-6.350205417017645826e-05
-6.396530789299107941e-05
-6.443307446810169978e-05
-6.490540892197066924e-05
-6.538236708711246215e-05
-6.586400561588158476e-05
-6.635038199453024575e-05
-6.684155455754159023e-05
-6.733758250224462305e-05
-6.783852590371735377e-05
-6.834444572998386869e-05
-6.885540385751296030e-05
-6.937146308702365365e-05
-6.989268715960574767e-05
-7.041914077316168688e-05
-7.095088959917705482e-05
-7.148800029982753607e-05
-7.203054054542915019e-05
-7.257857903224048551e-05
-7.313218550062389862e-05
-7.369143075357489545e-05
-7.425638667562668694e-05
-7.482712625214054444e-05
-7.540372358898821624e-05
-7.598625393263784349e-05
-7.657479369065076156e-05
-7.716942045260016456e-05
-7.777021301142006252e-05
-7.837725138519552250e-05
-7.899061683940410031e-05
-7.961039190961849193e-05
-8.023666042468203261e-05
-8.086950753036770937e-05
-8.150901971353158337e-05
-8.215528482677307673e-05
-8.280839211361395525e-05
-8.346843223420691673e-05
-8.413549729158909939e-05
-8.480968085849014608e-05
-8.549107800471101963e-05
-8.617978532508506191e-05
-8.687590096803635338e-05
-8.757952466474973883e-05
-8.829075775896641075e-05
-8.900970323742101505e-05
-8.973646576093572910e-05
-9.047115169618635540e-05
-9.121386914815819821e-05
-9.196472799330720018e-05
-9.272383991344462122e-05
-9.349131843036233595e-05
-9.426727894121731657e-05
-9.505183875469403083e-05
-9.584511712796341685e-05
-9.664723530445935992e-05
-9.745831655249136030e-05
-9.827848620471625499e-05
-9.910787169848788575e-05
-9.994660261710996182e-05
-1.007948107320110094e-04
-1.016526300458686215e-04
-1.025201968367032420e-04
-1.033976497029691989e-04
-1.042851296096657142e-04
-1.051827799354962699e-04
-1.060907465211004930e-04
-1.070091777183890144e-04
-1.079382244410064657e-04
-1.088780402159544104e-04
-1.098287812364019786e-04
-1.107906064157170679e-04
-1.117636774427473054e-04
-1.127481588383857751e-04
-1.137442180134534144e-04
-1.147520253279329629e-04
-1.157717541515902840e-04
-1.168035809260192976e-04
-1.178476852281480115e-04
-1.189042498352444236e-04
-1.199734607914624391e-04
-1.210555074759676734e-04
-1.221505826726875389e-04
-1.232588826417259885e-04
-1.243806071924910008e-04
-1.255159597585777677e-04
-1.266651474744575126e-04
-1.278283812540190472e-04
-1.290058758710150547e-04
-1.301978500414622956e-04
-1.314045265080533329e-04
-1.326261321266298686e-04
-1.338628979547784863e-04
-1.351150593426053703e-04
-1.363828560257495488e-04
-1.376665322206990913e-04
-1.389663367224713278e-04
-1.402825230047255022e-04
-1.416153493223744309e-04
-1.429650788167656115e-04
-1.443319796235038822e-04
-1.457163249829912001e-04
-1.471183933537579690e-04
-1.485384685286680992e-04
-1.499768397540774615e-04
-1.514338018520308444e-04
-1.529096553455842325e-04
-1.544047065873423142e-04
-1.559192678913036455e-04
-1.574536576681090979e-04
-1.590082005637921160e-04
-1.605832276021326472e-04
-1.621790763307196111e-04
-1.637960909708310354e-04
-1.654346225712423639e-04
-1.670950291660805735e-04
-1.687776759368411403e-04
-1.704829353786931057e-04
-1.722111874711983908e-04
-1.739628198535769809e-04
-1.757382280046540469e-04
-1.775378154276295714e-04
-1.793619938398139995e-04
-1.812111833674820297e-04
-1.830858127459968998e-04
-1.849863195253666627e-04
-1.869131502813969772e-04
-1.888667608326122075e-04
-1.908476164631193594e-04
-1.928561921516014452e-04
-1.948929728066233727e-04
-1.969584535084518821e-04
-1.990531397575861800e-04
-2.011775477302113675e-04
-2.033322045407893325e-04
-2.055176485120113218e-04
-2.077344294523416355e-04
-2.099831089413949797e-04
-2.122642606233912893e-04
-2.145784705089470615e-04
-2.169263372854665270e-04
-2.193084726364082906e-04
-2.217255015697110936e-04
-2.241780627556727091e-04
-2.266668088745874422e-04
-2.291924069744558957e-04
-2.317555388390966258e-04
-2.343569013669944616e-04
-2.369972069612391835e-04
-2.396771839309157616e-04
-2.423975769043232667e-04
-2.451591472544117369e-04
-2.479626735368423564e-04
-2.508089519410873058e-04
-2.536987967550067072e-04
-2.566330408433490826e-04
-2.596125361406441900e-04
-2.626381541589717632e-04
-2.657107865111071670e-04
-2.688313454495635689e-04
-2.720007644220731103e-04
-2.752199986440629471e-04
-2.784900256887106514e-04
-2.818118460951776739e-04
-2.851864839956512183e-04
-2.886149877618370842e-04
-2.920984306715838116e-04
-2.956379115963312060e-04
-2.992345557101134526e-04
-3.028895152208674682e-04
-3.066039701248314520e-04
-3.103791289848433182e-04
-3.142162297333867481e-04
-3.181165405012563430e-04
-3.220813604727593301e-04
-3.261120207683929030e-04
-3.302098853559855556e-04
-3.343763519913208544e-04
-3.386128531893075775e-04
-3.429208572267984190e-04
-3.473018691782042916e-04
-3.517574319850975007e-04
-3.562891275610446571e-04
-3.608985779329563332e-04
-3.655874464202967878e-04
-3.703574388535454953e-04
-3.752103048333665100e-04
-3.801478390319879344e-04
-3.851718825383671093e-04
-3.902843242487706479e-04
-3.954871023044750889e-04
-4.007822055783517856e-04
-4.061716752121796096e-04
-4.116576062066014700e-04
-4.172421490657241883e-04
-4.229275114984317970e-04
-4.287159601785812610e-04
-4.346098225663294211e-04
-4.406114887929402459e-04
-4.467234136115111418e-04
-4.529481184161671180e-04
-4.592881933323673385e-04
-4.657462993810950651e-04
-4.723251707197973501e-04
-4.790276169630754426e-04
-4.858565255862558915e-04
-4.928148644150847062e-04
-4.999056842049462044e-04
-5.071321213131359511e-04
-5.144974004678770033e-04
-5.220048376379138495e-04
-5.296578430066923400e-04
-5.374599240552919250e-04
-5.454146887584718391e-04
-5.535258488983520273e-04
-5.617972235004672129e-04
-5.702327423971164906e-04
-5.788364499231556971e-04
-5.876125087495806011e-04
-5.965652038604944219e-04
-6.056989466792792390e-04
-6.150182793500498729e-04
-6.245278791807121112e-04
-6.342325632542329499e-04
-6.441372932149945236e-04
-6.542471802374178174e-04
-6.645674901843138431e-04
-6.751036489627703805e-04
-6.858612480856805371e-04
-6.968460504473923461e-04
-7.080639963222762952e-04
-7.195212095954146847e-04
-7.312240042349619270e-04
-7.431788910161619402e-04
-7.553925845073737296e-04
-7.678720103289204003e-04
-7.806243126959931753e-04
-7.936568622573087449e-04
-8.069772642416766714e-04
-8.205933669251201656e-04
-8.345132704317039917e-04
-8.487453358817022590e-04
-8.632981949013018852e-04
-8.781807595085341879e-04
-8.934022323907189278e-04
-9.089721175892107995e-04
-9.249002316078561419e-04
-9.411967149620978183e-04
-9.578720441862872449e-04
-9.749370443172977090e-04
-9.924029018731526323e-04
-1.010281178345930932e-03
-1.028583824228807182e-03
-1.047323193597602536e-03
-1.066512059267790691e-03
-1.086163628548391736e-03
-1.106291559614683067e-03
-1.126909978522062147e-03
-1.148033496883815252e-03
-1.169677230235818951e-03
-1.191856817111505663e-03
-1.214588438850493658e-03
-1.237888840164388937e-03
-1.261775350483132670e-03
-1.286265906105040152e-03
-1.311379073173229732e-03
-1.337134071500520804e-03
-1.363550799263978401e-03
-1.390649858589136298e-03
-1.418452582042387545e-03
-1.446981060048192292e-03
-1.476258169245419586e-03
-1.506307601794288362e-03
-1.537153895641996419e-03
-1.568822465751017929e-03
-1.601339636289239848e-03
-1.634732673775333555e-03
-1.669029821166063791e-03
-1.704260332864348691e-03
-1.740454510617680519e-03
-1.777643740265795252e-03
-1.815860529284102961e-03
-1.855138545054942469e-03
-1.895512653782190733e-03
-1.937018959945471189e-03
-1.979694846168216817e-03
-2.023579013348352114e-03
-2.068711520871236755e-03
-2.115133826690896238e-03
-2.162888827027193654e-03
-2.212020895382505858e-03
-2.262575920531028316e-03
-2.314601343076025820e-03
-2.368146190104358697e-03
-2.423261107391974992e-03
-2.479998388527832921e-03
-2.538412000224900267e-03
-2.598557602974316347e-03
-2.660492566070010723e-03
-2.724275975884207605e-03
-2.789968636106416548e-03
-2.857633058467141766e-03
-2.927333442249144702e-03
-2.999135640639715751e-03
-3.073107111693263414e-03
-3.149316851349161402e-03
-3.227835305580076513e-03
-3.308734258324323545e-03
-3.392086691375256844e-03
-3.477966611853017774e-03
-3.566448842260043668e-03
-3.657608767411100938e-03
-3.751522031719836149e-03
-3.848264179403424953e-03
-3.947910229120659732e-03
-4.050534173369591852e-03
-4.156208391621429507e-03
-4.265002964636591468e-03
-4.376984875675587160e-03
-4.492217082356772181e-03
-4.610757440700379885e-03
-4.732657460405367833e-03
-4.857960867605075166e-03
-4.986701948210515815e-03
-5.118903641449593263e-03
-5.254575349321252524e-03
-5.393710423386920486e-03
-5.536283285606183151e-03
-5.682246134793113475e-03
-5.831525184746588417e-03
-5.984016374245018643e-03
-6.139580482986115029e-03
-6.298037581347058420e-03
-6.459160735768505399e-03
-6.622668885962795272e-03
-6.788218805492652989e-03
-6.955396054229905263e-03
-7.123704830707760192e-03
-7.292556635676111960e-03
-7.461257666941397727e-03
-7.628994882056292642e-03
-7.794820692566281281e-03
-7.957636295157130210e-03
-8.116173706133026147e-03
-8.268976652504063732e-03
-8.414380593525717239e-03
-8.550492310665517431e-03
-8.675169723653418374e-03
-8.786002879699817553e-03
-8.880297438395244256e-03
-8.955062453917804130e-03
-9.007004856650357300e-03
-9.032533773123300330e-03
-9.027778703930169554e-03
-8.988626596447344200e-03
-8.910783968431342308e-03
-8.789871380868634690e-03
-8.621558575118488943e-03
-8.401749228311475651e-03
-8.126824144588939286e-03
-7.793950198621612223e-03
-7.401458660663394300e-03
-6.949289596622089393e-03
-6.439487613573941470e-03
-5.876717109227786590e-03
-5.268741686946923353e-03
-4.626783178323654218e-03
-3.965644131625248835e-03
-3.303451497180273731e-03
-2.660872577506929754e-03
-2.059687731990554691e-03
-1.520701785438276004e-03
-1.061154481272204081e-03
-6.920393858123310635e-04
-4.159961891622551071e-04
-2.265681427113449013e-04
-1.094354942379194149e-04
-4.563431745726830149e-05
-1.587983559787511489e-05
-4.416234489363151213e-06
-9.286600930317357557e-07
-1.374670693735547198e-07
-1.305088629783651144e-08
-7.032047060065106624e-10
-1.828775542322710133e-11
-1.848097309770110042e-13
-5.413570356782072148e-16
-3.079116816811884267e-19
-1.953605411861991502e-23
-6.360031534752398460e-29
-3.525727090544738991e-36
-6.785738256785965128e-46
-4.413263501014381393e-59
-3.008522311493618239e-77
-1.096819759180663565e-102
-5.925673322667174487e-139
-1.061803686988508979e-191
-3.913004417785055047e-270
-0.000000000000000000e+00
-0.000000000000000000e+00
-0.000000000000000000e+00
-0.000000000000000000e+00
-0.000000000000000000e+00
-0.000000000000000000e+00
-0.000000000000000000e+00
-0.000000000000000000e+00
-0.000000000000000000e+00
-0.000000000000000000e+00
-0.000000000000000000e+00
-0.000000000000000000e+00
-0.000000000000000000e+00
-0.000000000000000000e+00
-0.000000000000000000e+00
-0.000000000000000000e+00
0.000000000000000000e+00
0.000000000000000000e+00
0.000000000000000000e+00
0.000000000000000000e+00
0.000000000000000000e+00
0.000000000000000000e+00
0.000000000000000000e+00
0.000000000000000000e+00
0.000000000000000000e+00
0.000000000000000000e+00
0.000000000000000000e+00
0.000000000000000000e+00
0.000000000000000000e+00
0.000000000000000000e+00
0.000000000000000000e+00
0.000000000000000000e+00
3.593156352875674516e-246
1.292233657913278361e-171
5.940804537548537761e-122
3.610156283012484693e-88
9.401488616546217777e-65
2.992064567120154613e-48
1.913730562044386231e-36
6.945795457169657770e-28
1.327925936341076013e-21
6.063695850307927969e-17
1.874040742230998607e-13
8.118660733967239239e-11
8.256138100498764063e-09
2.852165936362991288e-07
4.375653684842410271e-06
3.627612938037508240e-05
1.879122416492537613e-04
6.777948678449218032e-04
1.846983899874473289e-03
4.044929165433768306e-03
7.463908141860165109e-03
1.203426250026527582e-02
1.743799071889679669e-02
2.321240548441397961e-02
2.887685059396437326e-02
3.402975721247957636e-02
3.839675977937304086e-02
4.183608945099320103e-02
4.431770126671630977e-02
4.589192780938672334e-02
4.665833914292218804e-02
4.674018258227047307e-02
4.626598668600653830e-02
4.535780570735772205e-02
4.412471469896275811e-02
4.266002924521593298e-02
4.104093062031897304e-02
3.932949226152748778e-02
3.757440822628427962e-02
3.581297215635989573e-02
3.407303754847169908e-02
3.237481481464894728e-02
3.073244076708148836e-02
2.915530451070368068e-02
2.764914066860092723e-02
2.621691411960988885e-02
2.485952537435980741e-02
2.357636592726886776e-02
2.236575066948836427e-02
2.122525111508225676e-02
2.015194958054451757e-02
1.914263099775007776e-02
1.819392593909268871e-02
1.730241576560802991e-02
1.646470857627120588e-02
1.567749280458072964e-02
1.493757382666347638e-02
1.424189775954374203e-02
1.358756568770427310e-02
1.297184081497945382e-02
1.239215045808747181e-02
1.184608434511904944e-02
1.133139033036565692e-02
1.084596836442695313e-02
1.038786334834181958e-02
9.955257338863741229e-03
9.546461448148879994e-03
9.159907686579239761e-03
8.794140925570145470e-03
8.447811102843701819e-03
8.119665751765347758e-03
7.808542905816936129e-03
7.513364406694748865e-03
7.233129628005483154e-03
6.966909614635043678e-03
6.713841629473093348e-03
6.473124093427469125e-03
6.244011900897410323e-03
6.025812090585604304e-03
5.817879850328552122e-03
5.619614834215584838e-03
5.430457770425949245e-03
5.249887338766932865e-03
5.077417297718767909e-03
4.912593841785691320e-03
4.754993171046616000e-03
4.604219255940745700e-03
4.459901781475392700e-03
4.321694256177645993e-03
4.189272272211173702e-03
4.062331904129917390e-03
3.940588234735958179e-03
3.823773997444037450e-03
3.711638325428593104e-03
3.603945598641092318e-03
3.500474380536634268e-03
3.401016437042633182e-03
3.305375830940023539e-03
3.213368085413717632e-03
3.124819411066015028e-03
3.039565991178396452e-03
2.957453320456618785e-03
2.878335592904734085e-03
2.802075134848245209e-03
2.728541879468899742e-03
2.657612879525068830e-03
2.589171855216136110e-03
2.523108774408340006e-03
2.459319462675656643e-03
2.397705240824528263e-03
2.338172587767443130e-03
2.280632826789033823e-03
2.225001833411653380e-03
2.171199763215802582e-03
2.119150798106558473e-03
2.068782909640859945e-03
2.020027638143456240e-03
1.972819886442486043e-03
1.927097727149902802e-03
1.882802222497935267e-03
1.839877255821719890e-03
1.798269373850023547e-03
1.757927639031984287e-03
1.718803491188094622e-03
1.680850617828894824e-03
1.644024832535471558e-03
1.608283960842327859e-03
1.573587733105677716e-03
1.539897683879436078e-03
1.507177057356959629e-03
1.475390718469602640e-03
1.444505069263490133e-03
1.414487970203746415e-03
1.385308666081112167e-03
1.356937716219431319e-03
1.329346928704354652e-03
1.302509298373537338e-03
1.276398948327185645e-03
1.250991074734812214e-03
1.226261894729836202e-03
1.202188597198188555e-03
1.178749296280532429e-03
1.155922987420093372e-03
1.133689505799660626e-03
1.112029487021867769e-03
1.090924329896759276e-03
1.070356161209753618e-03
1.050307802351566153e-03
1.030762737699494544e-03
1.011705084646746973e-03
9.931195651832135877e-04
9.749914789374033303e-04
9.573066775950325995e-04
9.400515406152032275e-04
9.232129521701239660e-04
9.067782792390154936e-04
8.907353507911962504e-04
8.750724379974174827e-04
8.597782354122582163e-04
8.448418430739807828e-04
8.302527494714653225e-04
8.160008153309520522e-04
8.020762581781642683e-04
7.884696376340558826e-04
7.751718414049411183e-04
7.621740719300460236e-04
7.494678336517820181e-04
7.370449208759977024e-04
7.248974061914264773e-04
7.130176294193133618e-04
7.013981870658762396e-04
6.900319222518245177e-04
6.789119150946405041e-04
6.680314735206638972e-04
6.573841244853674418e-04
6.469636055813751587e-04
6.367638570149299852e-04
6.267790139325910264e-04
6.170033990809248563e-04
6.074315157829118968e-04
5.980580412156764327e-04
5.888778199749499388e-04
5.798858579125143941e-04
5.710773162335561811e-04
5.624475058415844301e-04
5.539918819192119100e-04
5.457060387337128206e-04
5.375857046568465825e-04
5.296267373889959476e-04
5.218251193781579247e-04
5.141769534248455615e-04
5.066784584643830918e-04
4.993259655185347057e-04
4.921159138087987045e-04
4.850448470240958953e-04
4.781094097359392414e-04
4.713063439545112521e-04
4.646324858194174432e-04
4.580847624191725954e-04
4.516601887337781131e-04
4.453558646950233550e-04
4.391689723594005513e-04
4.330967731887715817e-04
4.271366054341642262e-04
4.212858816182762966e-04
4.155420861125082104e-04
4.099027728045121356e-04
4.043655628524511249e-04
3.989281425223352418e-04
3.935882611049728208e-04
3.883437289092304782e-04
3.831924153284593142e-04
3.781322469770698083e-04
3.731612058944001626e-04
3.682773278131311031e-04
3.634787004896377358e-04
3.587634620937809986e-04
3.541297996557535711e-04
3.495759475677047206e-04
3.451001861379671674e-04
3.407008401957998026e-04
3.363762777446675355e-04
3.321249086621474718e-04
3.279451834446471732e-04
3.238355919951937164e-04
3.197946624526272941e-04
3.158209600606105144e-04
3.119130860749207710e-04
3.080696767075741531e-04
3.042894021063772343e-04
3.005709653685673154e-04
2.969131015872632814e-04
2.933145769294917332e-04
2.897741877446145266e-04
2.862907597020290123e-04
2.828631469570534653e-04
2.794902313439667383e-04
2.761709215952022861e-04
2.729041525857425180e-04
2.696888846017985201e-04
2.665241026328949380e-04
2.634088156865167264e-04
2.603420561245100911e-04
2.573228790204543396e-04
2.543503615372654327e-04
2.514236023243094286e-04
2.485417209333380564e-04
2.457038572525853263e-04
2.429091709583890482e-04
2.401568409837250917e-04
2.374460650030705698e-04
2.347760589330246284e-04
2.321460564481514879e-04
2.295553085115181920e-04
2.270030829194266502e-04
2.244886638598570156e-04
2.220113514841565985e-04
2.195704614915290598e-04
2.171653247258888500e-04
2.147952867846718490e-04
2.124597076392001598e-04
2.101579612662166508e-04
2.078894352902205635e-04
2.056535306362468883e-04
2.034496611927464921e-04
2.012772534842372668e-04
1.991357463534043691e-04
1.970245906523467375e-04
1.949432489426709142e-04
1.928911952041471921e-04
1.908679145516535385e-04
1.888729029601420994e-04
1.869056669973708147e-04
1.849657235641565770e-04
1.830525996419067483e-04
1.811658320472050380e-04
1.793049671932257403e-04
1.774695608577648036e-04
1.756591779576799166e-04
1.738733923295411219e-04
1.721117865162991576e-04
1.703739515597867257e-04
1.686594867988700256e-04
1.669679996730823938e-04
1.652991055315683651e-04
1.636524274471781823e-04
1.620275960355566298e-04
1.604242492790746170e-04
1.588420323554587746e-04
1.572805974709757821e-04
1.557396036980378566e-04
1.542187168170960432e-04
1.527176091626939152e-04
1.512359594735593034e-04
1.497734527466138444e-04
1.483297800947860185e-04
1.469046386085166552e-04
1.454977312208461271e-04
1.441087665759833243e-04
1.427374589012522972e-04
1.413835278823191537e-04
1.400466985416065646e-04
1.387267011198019587e-04
1.374232709603716144e-04
1.361361483969968111e-04
1.348650786438451157e-04
1.336098116885995810e-04
1.323701021881671432e-04
1.311457093669894029e-04
1.299363969178849636e-04
1.287419329053499551e-04
1.275620896712507132e-04
1.263966437428400136e-04
1.252453757430335409e-04
1.241080703028833861e-04
1.229845159761896718e-04
1.218745051561888711e-04
1.207778339942651132e-04
1.196943023206260083e-04
1.186237135668930523e-04
1.175658746905511396e-04
1.165205961012095336e-04
1.154876915886247885e-04
1.144669782524371433e-04
1.134582764335764521e-04
1.124614096472910840e-04
1.114762045177581040e-04
1.105024907142322221e-04
1.095401008886921198e-04
1.085888706149455311e-04
1.076486383291551960e-04
1.067192452717461565e-04
1.058005354306613662e-04
1.048923554859274899e-04
1.039945547554992766e-04
1.031069851423478776e-04
1.022295010827610587e-04
1.013619594958252207e-04
1.005042197340571880e-04
9.965614353515818804e-05
9.881759497485935093e-05
9.798844042083280350e-05
9.716854848763993851e-05
9.635778999269148826e-05
9.555603791319296192e-05
9.476316734405194626e-05
9.397905545672152012e-05
9.320358145895797663e-05
9.243662655546845848e-05
9.167807390942793368e-05
9.092780860484263501e-05
9.018571760973949890e-05
8.945168974016153246e-05
8.872561562494890185e-05
8.800738767128638885e-05
8.729690003099906906e-05
8.659404856757665513e-05
8.589873082391067587e-05
8.521084599072559901e-05
8.453029487568718722e-05
8.385697987317330168e-05
8.319080493468896569e-05
8.253167553991239331e-05
8.187949866835496100e-05
8.123418277162193567e-05
8.059563774625864486e-05
7.996377490716947154e-05
7.933850696159366802e-05
7.871974798362824479e-05
7.810741338928179310e-05
7.750141991204918541e-05
7.690168557899315388e-05
7.630812968732248770e-05
7.572067278145377099e-05
7.513923663054684931e-05
7.456374420650178686e-05
7.399411966240732606e-05
7.343028831143069875e-05
7.287217660613758109e-05
7.231971211823368106e-05
7.177282351871715736e-05
7.123144055843323654e-05
7.069549404902109458e-05
7.016491584424545405e-05
6.963963882170246130e-05
6.911959686489287796e-05
6.860472484565322167e-05
6.809495860693768688e-05
6.759023494594213150e-05
6.709049159756355629e-05
6.659566721818606469e-05
6.610570136978781419e-05
6.562053450436032640e-05
6.514010794863430104e-05
6.466436388910430384e-05
6.419324535734667690e-05
6.372669621562316341e-05
6.326466114276515108e-05
6.280708562033126988e-05
6.235391591903305896e-05
6.190509908542302390e-05
6.146058292883860644e-05
6.102031600859741793e-05
6.058424762143750262e-05
6.015232778919815822e-05
5.972450724673548624e-05
5.930073743006786095e-05
5.888097046474645164e-05
5.846515915444621059e-05
5.805325696977189898e-05
5.764521803727566099e-05
5.724099712868054208e-05
5.684054965030654308e-05
5.644383163269434453e-05
5.605079972042262227e-05
5.566141116211538963e-05
5.527562380063448077e-05
5.489339606345439008e-05
5.451468695321456151e-05
5.413945603844644457e-05
5.376766344447104790e-05
5.339926984446350061e-05
5.303423645068152466e-05
5.267252500585430141e-05
5.231409777472809347e-05
5.195891753576604012e-05
5.160694757299829087e-05
5.125815166802001068e-05
5.091249409213390931e-05
5.056993959863429296e-05
5.023045341523002928e-05
4.989400123660360010e-05
4.956054921710315188e-05
4.923006396356535518e-05
4.890251252826594919e-05
4.857786240199592507e-05
4.825608150726046121e-05
4.793713819159810334e-05
4.762100122101831236e-05
4.730763977355441883e-05
4.699702343293012038e-05
4.668912218233698118e-05
4.638390639832112416e-05
4.608134684477630368e-05
4.578141466704239662e-05
4.548408138610564582e-05
4.518931889290041194e-05
4.489709944270897109e-05
4.460739564965859926e-05
4.432018048131308399e-05
4.403542725335765363e-05
4.375310962437499988e-05
4.347320159071065893e-05
4.319567748142650438e-05
4.292051195333997337e-05
4.264767998614796903e-05
4.237715687763341286e-05
4.210891823895319372e-05
4.184293999000562945e-05
4.157919835487631626e-05
4.131766985736038056e-05
4.105833131656029967e-05
4.080115984255724493e-05
4.054613283215513422e-05
4.029322796469547599e-05
4.004242319794217833e-05
3.979369676403455425e-05
3.954702716550783216e-05
3.930239317137910473e-05
3.905977381329828240e-05
3.881914838176239144e-05
3.858049642239223397e-05
3.834379773227006142e-05
3.810903235633745514e-05
3.787618058385182839e-05
3.764522294490115010e-05
3.741614020697504026e-05
3.718891337159174922e-05
3.696352367098001789e-05
3.673995256481429433e-05
3.651818173700304907e-05
3.629819309252849515e-05
3.607996875433762488e-05
3.586349106028260486e-05
