1.312000036239624023e+00
1.312999963760375977e+00
1.314000010490417480e+00
1.315000057220458984e+00
1.315999984741210938e+00
1.316999912261962891e+00
1.317999958992004395e+00
1.319000005722045898e+00
1.320000052452087402e+00
1.320999979972839355e+00
1.322000026702880859e+00
1.323000073432922363e+00
1.324000000953674316e+00
1.324999928474426270e+00
1.325999975204467773e+00
1.327000021934509277e+00
1.327999949455261230e+00
1.328999876976013184e+00
1.330000042915344238e+00
1.331000089645385742e+00
1.332000017166137695e+00
1.332999944686889648e+00
1.333999991416931152e+00
1.335000038146972656e+00
1.335999965667724609e+00
1.336999893188476562e+00
1.338000059127807617e+00
1.339000105857849121e+00
1.340000033378601074e+00
1.340999960899353027e+00
1.342000007629394531e+00
1.343000054359436035e+00
1.343999981880187988e+00
1.344999909400939941e+00
1.345999956130981445e+00
1.347000122070312500e+00
1.348000049591064453e+00
1.348999977111816406e+00
1.350000023841857910e+00
1.351000070571899414e+00
1.351999998092651367e+00
1.352999925613403320e+00
1.353999972343444824e+00
1.355000019073486328e+00
1.355999946594238281e+00
1.356999993324279785e+00
1.358000040054321289e+00
1.359000086784362793e+00
1.360000014305114746e+00
1.360999941825866699e+00
1.361999988555908203e+00
1.363000035285949707e+00
1.363999962806701660e+00
1.364999890327453613e+00
1.366000056266784668e+00
1.367000102996826172e+00
1.376000046730041504e+00
1.376999974250793457e+00
1.378000020980834961e+00
1.379000067710876465e+00
1.379999995231628418e+00
1.380999922752380371e+00
1.381999969482421875e+00
1.383000016212463379e+00
1.383999943733215332e+00
1.384999990463256836e+00
1.386000037193298340e+00
1.387000083923339844e+00
1.388000011444091797e+00
1.388999938964843750e+00
1.389999985694885254e+00
1.391000032424926758e+00
1.391999959945678711e+00
1.392999887466430664e+00
1.394000053405761719e+00
1.395000100135803223e+00
1.396000027656555176e+00
1.396999955177307129e+00
1.398000001907348633e+00
1.399000048637390137e+00
1.399999976158142090e+00
1.400999903678894043e+00
1.401999950408935547e+00
1.403000116348266602e+00
1.404000043869018555e+00
1.404999971389770508e+00
1.406000018119812012e+00
1.407000064849853516e+00
1.407999992370605469e+00
1.408999919891357422e+00
1.409999966621398926e+00
1.411000013351440430e+00
1.411999940872192383e+00
1.412999987602233887e+00
1.414000034332275391e+00
1.415000081062316895e+00
1.416000008583068848e+00
1.416999936103820801e+00
1.417999982833862305e+00
1.419000029563903809e+00
1.419999957084655762e+00
1.420999884605407715e+00
1.422000050544738770e+00
1.423000097274780273e+00
1.424000024795532227e+00
1.424999952316284180e+00
1.425999999046325684e+00
1.427000045776367188e+00
1.427999973297119141e+00
1.428999900817871094e+00
1.429999947547912598e+00
1.431000113487243652e+00
1.440000057220458984e+00
1.440999984741210938e+00
1.442000031471252441e+00
1.443000078201293945e+00
1.444000005722045898e+00
1.444999933242797852e+00
1.445999979972839355e+00
1.447000026702880859e+00
1.447999954223632812e+00
1.448999881744384766e+00
1.450000047683715820e+00
1.451000094413757324e+00
1.452000021934509277e+00
1.452999949455261230e+00
1.453999996185302734e+00
1.455000042915344238e+00
1.455999970436096191e+00
1.456999897956848145e+00
1.457999944686889648e+00
1.459000110626220703e+00
1.460000038146972656e+00
1.460999965667724609e+00
1.462000012397766113e+00
1.463000059127807617e+00
1.463999986648559570e+00
1.464999914169311523e+00
1.465999960899353027e+00
1.467000007629394531e+00
1.468000054359436035e+00
1.468999981880187988e+00
1.470000028610229492e+00
1.471000075340270996e+00
1.472000002861022949e+00
1.472999930381774902e+00
1.473999977111816406e+00
1.475000023841857910e+00
1.475999951362609863e+00
1.476999878883361816e+00
1.478000044822692871e+00
1.479000091552734375e+00
1.480000019073486328e+00
1.480999946594238281e+00
1.481999993324279785e+00
1.483000040054321289e+00
1.483999967575073242e+00
1.484999895095825195e+00
1.485999941825866699e+00
1.487000107765197754e+00
1.488000035285949707e+00
1.488999962806701660e+00
1.490000009536743164e+00
1.491000056266784668e+00
1.491999983787536621e+00
1.492999911308288574e+00
1.493999958038330078e+00
1.495000004768371582e+00
1.695999979972839355e+00
1.696999907493591309e+00
1.697999954223632812e+00
1.699000120162963867e+00
1.700000047683715820e+00
1.700999975204467773e+00
1.702000021934509277e+00
1.703000068664550781e+00
1.703999996185302734e+00
1.704999923706054688e+00
1.705999970436096191e+00
1.707000017166137695e+00
1.707999944686889648e+00
1.708999991416931152e+00
1.710000038146972656e+00
1.711000084877014160e+00
1.712000012397766113e+00
1.712999939918518066e+00
1.713999986648559570e+00
1.715000033378601074e+00
1.715999960899353027e+00
1.716999888420104980e+00
1.718000054359436035e+00
1.719000101089477539e+00
1.720000028610229492e+00
1.720999956130981445e+00
1.722000002861022949e+00
1.723000049591064453e+00
1.723999977111816406e+00
1.724999904632568359e+00
1.725999951362609863e+00
1.727000117301940918e+00
1.728000044822692871e+00
1.728999972343444824e+00
1.730000019073486328e+00
1.731000065803527832e+00
1.731999993324279785e+00
1.732999920845031738e+00
1.733999967575073242e+00
1.735000014305114746e+00
1.735999941825866699e+00
1.736999988555908203e+00
1.738000035285949707e+00
1.739000082015991211e+00
1.740000009536743164e+00
1.740999937057495117e+00
1.741999983787536621e+00
1.743000030517578125e+00
1.743999958038330078e+00
1.744999885559082031e+00
1.746000051498413086e+00
1.747000098228454590e+00
1.748000025749206543e+00
1.748999953269958496e+00
1.750000000000000000e+00
1.751000046730041504e+00
1.759999990463256836e+00
1.760999917984008789e+00
1.761999964714050293e+00
1.763000011444091797e+00
1.764000058174133301e+00
1.764999985694885254e+00
1.766000032424926758e+00
1.767000079154968262e+00
1.768000006675720215e+00
1.768999934196472168e+00
1.769999980926513672e+00
1.771000027656555176e+00
1.771999955177307129e+00
1.772999882698059082e+00
1.774000048637390137e+00
1.775000095367431641e+00
1.776000022888183594e+00
1.776999950408935547e+00
1.777999997138977051e+00
1.779000043869018555e+00
1.779999971389770508e+00
1.780999898910522461e+00
1.781999945640563965e+00
1.783000111579895020e+00
1.784000039100646973e+00
1.784999966621398926e+00
1.786000013351440430e+00
1.787000060081481934e+00
1.787999987602233887e+00
1.788999915122985840e+00
1.789999961853027344e+00
1.791000008583068848e+00
1.792000055313110352e+00
1.792999982833862305e+00
1.794000029563903809e+00
1.795000076293945312e+00
1.796000003814697266e+00
1.796999931335449219e+00
1.797999978065490723e+00
1.799000024795532227e+00
1.799999952316284180e+00
1.800999879837036133e+00
1.802000045776367188e+00
1.803000092506408691e+00
1.804000020027160645e+00
1.804999947547912598e+00
1.805999994277954102e+00
1.807000041007995605e+00
1.807999968528747559e+00
1.808999896049499512e+00
1.809999942779541016e+00
1.811000108718872070e+00
1.812000036239624023e+00
1.812999963760375977e+00
1.814000010490417480e+00
1.815000057220458984e+00
1.824000000953674316e+00
1.824999928474426270e+00
1.825999975204467773e+00
1.827000021934509277e+00
1.827999949455261230e+00
1.828999876976013184e+00
1.830000042915344238e+00
1.831000089645385742e+00
1.832000017166137695e+00
1.832999944686889648e+00
1.833999991416931152e+00
1.835000038146972656e+00
1.835999965667724609e+00
1.836999893188476562e+00
1.838000059127807617e+00
1.839000105857849121e+00
1.840000033378601074e+00
1.840999960899353027e+00
1.842000007629394531e+00
1.843000054359436035e+00
1.843999981880187988e+00
1.844999909400939941e+00
1.845999956130981445e+00
1.847000122070312500e+00
1.848000049591064453e+00
1.848999977111816406e+00
1.850000023841857910e+00
1.851000070571899414e+00
1.851999998092651367e+00
1.852999925613403320e+00
1.853999972343444824e+00
1.855000019073486328e+00
1.855999946594238281e+00
1.856999993324279785e+00
1.858000040054321289e+00
1.859000086784362793e+00
1.860000014305114746e+00
1.860999941825866699e+00
1.861999988555908203e+00
1.863000035285949707e+00
1.863999962806701660e+00
1.864999890327453613e+00
1.866000056266784668e+00
1.867000102996826172e+00
1.868000030517578125e+00
1.868999958038330078e+00
1.870000004768371582e+00
1.871000051498413086e+00
1.871999979019165039e+00
1.872999906539916992e+00
1.873999953269958496e+00
1.875000119209289551e+00
1.876000046730041504e+00
1.876999974250793457e+00
1.878000020980834961e+00
1.879000067710876465e+00
1.888000011444091797e+00
1.888999938964843750e+00
1.889999985694885254e+00
1.891000032424926758e+00
1.891999959945678711e+00
1.892999887466430664e+00
1.894000053405761719e+00
1.895000100135803223e+00
1.896000027656555176e+00
1.896999955177307129e+00
1.898000001907348633e+00
1.899000048637390137e+00
1.899999976158142090e+00
1.900999903678894043e+00
1.901999950408935547e+00
1.903000116348266602e+00
1.904000043869018555e+00
1.904999971389770508e+00
1.906000018119812012e+00
1.907000064849853516e+00
1.907999992370605469e+00
1.908999919891357422e+00
1.909999966621398926e+00
1.911000013351440430e+00
1.911999940872192383e+00
1.912999987602233887e+00
1.914000034332275391e+00
1.915000081062316895e+00
1.916000008583068848e+00
1.916999936103820801e+00
1.917999982833862305e+00
1.919000029563903809e+00
1.919999957084655762e+00
1.920999884605407715e+00
1.922000050544738770e+00
1.923000097274780273e+00
1.924000024795532227e+00
1.924999952316284180e+00
1.925999999046325684e+00
1.927000045776367188e+00
1.927999973297119141e+00
1.928999900817871094e+00
1.929999947547912598e+00
1.931000113487243652e+00
1.932000041007995605e+00
1.932999968528747559e+00
1.934000015258789062e+00
1.935000061988830566e+00
1.935999989509582520e+00
1.936999917030334473e+00
1.937999963760375977e+00
1.939000010490417480e+00
1.940000057220458984e+00
1.940999984741210938e+00
1.942000031471252441e+00
1.943000078201293945e+00
1.952000021934509277e+00
1.952999949455261230e+00
1.953999996185302734e+00
1.955000042915344238e+00
1.955999970436096191e+00
1.956999897956848145e+00
1.957999944686889648e+00
1.959000110626220703e+00
1.960000038146972656e+00
1.960999965667724609e+00
1.962000012397766113e+00
1.963000059127807617e+00
1.963999986648559570e+00
1.964999914169311523e+00
1.965999960899353027e+00
1.967000007629394531e+00
1.968000054359436035e+00
1.968999981880187988e+00
1.970000028610229492e+00
1.971000075340270996e+00
1.972000002861022949e+00
1.972999930381774902e+00
1.973999977111816406e+00
1.975000023841857910e+00
1.975999951362609863e+00
1.976999878883361816e+00
1.978000044822692871e+00
1.979000091552734375e+00
1.980000019073486328e+00
1.980999946594238281e+00
1.981999993324279785e+00
1.983000040054321289e+00
1.983999967575073242e+00
1.984999895095825195e+00
1.985999941825866699e+00
1.987000107765197754e+00
1.988000035285949707e+00
1.988999962806701660e+00
1.990000009536743164e+00
1.991000056266784668e+00
1.991999983787536621e+00
1.992999911308288574e+00
1.993999958038330078e+00
1.995000004768371582e+00
1.996000051498413086e+00
1.996999979019165039e+00
1.998000025749206543e+00
1.999000072479248047e+00
2.000000000000000000e+00
2.000999927520751953e+00
2.002000093460083008e+00
2.003000020980834961e+00
2.003999948501586914e+00
2.004999876022338867e+00
2.006000041961669922e+00
2.006999969482421875e+00
